,"Date","Minimum temperature (°C)","Maximum temperature (°C)","Rainfall (mm)","Evaporation (mm)","Sunshine (hours)","Direction of maximum wind gust ","Speed of maximum wind gust (km/h)","Time of maximum wind gust","9am Temperature (°C)","9am relative humidity (%)","9am cloud amount (oktas)","9am wind direction","9am wind speed (km/h)","9am MSL pressure (hPa)","3pm Temperature (°C)","3pm relative humidity (%)","3pm cloud amount (oktas)","3pm wind direction","3pm wind speed (km/h)","3pm MSL pressure (hPa)"
,2016-06-1,15.5,22.4,0,4.4,0.0,SSE,19,13:21,17.5,66,7,SW,4,1025.9,21.3,55,7,ESE,7,1022.8
,2016-06-2,15.7,20.6,0,3.8,2.1,ESE,22,11:38,18.8,77,6,S,6,1024.0,19.7,70,6,ESE,7,1021.2
,2016-06-3,15.1,21.2,1.2,1.0,1.4,ENE,17,23:15,17.4,84,7,WSW,4,1022.9,21.0,76,7,ESE,6,1018.4
,2016-06-4,17.4,21.6,48.6,3.2,0.0,NE,41,09:34,19.7,93,8,E,19,1010.8,21.0,88,8,NNE,6,1006.0
,2016-06-5,14.6,19.5,88.2,2.6,8.2,W,63,14:23,16.8,65,1,W,19,1001.1,17.5,60,6,W,26,999.2
,2016-06-6,14.0,18.7,0,7.2,5.2,W,48,01:15,15.6,53,6,W,13,1007.0,18.3,48,5,W,15,1005.0
,2016-06-7,10.4,22.4,0,3.2,9.8,W,35,14:30,17.3,50,0,WNW,7,1012.5,22.0,33,1,W,15,1008.7
,2016-06-8,12.9,24.0,0,5.6,9.8,WNW,30,10:09,18.5,48,0,WSW,9,1015.4,23.6,34,1,W,7,1013.1
,2016-06-9,11.3,28.1,0,4.8,9.8,NE,15,16:14,18.9,57,0,SW,2,1015.4,26.0,36,1,ENE,7,1012.2
,2016-06-10,17.2,25.2,0,4.2,9.9,W,31,05:49,20.1,47,1,WSW,11,1019.4,24.6,33,3,W,11,1018.3
,2016-06-11,12.8,23.7,0,5.6,8.9,SW,15,06:54,16.9,63,5,SW,4,1023.5,23.0,42,4,WSW,6,1020.6
,2016-06-12,13.5,21.8,0,3.4,0.5,SSE,31,13:19,16.6,66,7,SW,4,1030.0,19.9,62,7,SE,15,1029.1
,2016-06-13,13.7,20.6,1.2,2.6,3.4,E,39,13:52,16.1,83,6,SW,7,1033.9,18.6,70,5,SE,13,1031.5
,2016-06-14,14.3,23.0,2.0,3.2,7.1,E,28,15:10,17.9,84,4,SW,4,1032.7,21.8,56,5,SE,13,1029.4
,2016-06-15,14.0,21.4,1.6,0.8,5.3,SE,30,14:01,17.6,84,6,SSE,7,1029.7,20.2,65,5,ESE,11,1026.9
,2016-06-16,15.4,23.2,2.4,3.6,3.2,E,26,12:01,18.2,72,7, ,Calm,1025.7,21.5,47,7,E,9,1021.3
,2016-06-17,11.4,22.9,0,2.8,5.2,NE,17,15:13,16.1,72,5,WSW,4,1022.2,22.5,56,6,NE,7,1018.7
,2016-06-18,14.0,22.5,0,2.0,1.8,W,11,09:02,17.5,82,6,WSW,4,1021.4,21.7,71,7,NE,6,1017.1
,2016-06-19,17.4,22.5,3.8,1.0,0.0,NE,31,13:37,21.7,83,8,NE,11,1014.1,20.5,94,8,NE,7,1009.2
,2016-06-20,15.8,20.5,110.6,7.2,9.8,W,37,14:48,18.3,56,1,WNW,9,1010.0,19.7,49,5,WNW,19,1008.2
,2016-06-21,14.6,20.6,0.2,8.0,7.4,W,37,09:55,16.1,57,3,WNW,17,1014.1,19.8,47,7,WNW,7,1010.8
,2016-06-22,13.1,21.5,0,2.2,1.8,WNW,35,14:34,14.9,71,7,E,2,1013.2,20.3,50,6,WNW,13,1011.1
,2016-06-23,13.9,19.0,2.4,2.8,0.2,W,26,11:18,14.8,83,7,W,6,1016.0,18.2,64,7,W,6,1012.6
,2016-06-24,14.7,23.5,0,2.0,7.0,W,59,23:08,18.9,69,7,NW,4,1012.8,22.5,53,5,W,17,1009.1
,2016-06-25,9.4,18.1,0.2,7.6,9.8,WSW,46,00:30,13.6,46,1,WSW,7,1019.2,18.0,32,0,W,6,1016.9
,2016-06-26,6.6,17.3,0,3.8,1.6,WSW,13,10:26,9.9,68,6,SW,4,1021.9,17.0,47,7,E,4,1017.3
,2016-06-27,9.7,17.4,1.0,1.2,3.9,W,43,15:23,13.4,88,7,SE,2,1017.3,16.7,62,1,WNW,9,1014.5
,2016-06-28,8.6,18.5,1.2,4.4,9.8,WNW,39,03:44,11.5,55,1,W,13,1021.4,18.3,41,1,W,11,1019.9
,2016-06-29,8.6,21.7,0.2,4.0,9.9,W,19,10:25,13.9,59,0,SW,6,1026.6,21.4,42,1,SW,6,1023.6
,2016-06-30,8.3,22.4,0,2.6,9.2,WSW,15,10:47,12.8,71,2,SW,7,1024.6,20.2,52,1,NE,6,1020.2
,2016-07-1,10.9,22.6,0,2.4,9.6,WNW,35,15:19,17.1,62,0,S,4,1020.6,21.7,32,1,WNW,15,1017.4
,2016-07-2,8.7,21.6,0,5.4,9.8,WSW,15,09:18,14.2,51,0,SW,6,1024.9,21.2,31,0,WSW,4,1022.7
,2016-07-3,7.2,22.1,0,2.8,9.9,NE,13,15:42,12.3,65,1,SW,6,1027.5,21.8,40,1,ENE,6,1023.1
,2016-07-4,8.8,22.7,0,4.0,8.9,NE,20,14:20,13.7,73,4,SSW,4,1023.7,21.5,52,1,NE,9,1018.8
,2016-07-5,13.6,19.4,2.0,1.4,1.0,WSW,26,23:55,16.1,93,7,WSW,7,1015.9,18.7,86,7,NE,6,1011.5
,2016-07-6,10.9,16.6,6.8,2.0,9.7,W,50,13:35,12.9,56,1,W,17,1016.1,16.0,46,1,W,22,1012.4
,2016-07-7,11.2,20.2,0.2,6.6,9.7,W,39,11:01,16.1,58,1,W,17,1014.8,19.6,48,0,WNW,15,1013.3
,2016-07-8,10.4,23.1,0,4.0,9.8,W,24,16:48,16.5,63,1,WSW,7,1018.6,22.3,46,1,W,11,1015.1
,2016-07-9,10.2,23.0,0,3.4,9.6,SSW,17,10:28,16.4,67,0,SW,4,1020.9,22.4,41,1,WSW,4,1018.2
,2016-07-10,10.7,23.6,0,4.2,9.4,ESE,20,15:13,15.6,65,1,SW,6,1023.8,21.7,49,1,E,9,1020.4
,2016-07-11,11.8,21.3,0,2.6,2.1,ENE,13,14:32,15.4,87,7,SSW,4,1022.2,20.5,73,6,NE,6,1017.5
,2016-07-12,13.5,23.5,0,0.4,2.7,W,20,23:48,16.9,90,7,SE,2,1018.9,22.9,65,7,WSW,2,1014.8
,2016-07-13,16.8,21.1,0.2,3.2,3.1,WNW,31,13:47,17.1,48,7,W,11,1021.0,19.9,27,8,W,15,1020.2
,2016-07-14,11.7,17.8,0,6.0,0.1,WSW,19,09:44,14.9,37,8,SW,6,1027.9,17.5,46,8,SSW,4,1025.7
,2016-07-15,12.2,18.9,0,3.2,0.0,SE,24,13:03,14.0,75,7,SSW,6,1027.7,17.8,67,7,SE,11,1024.7
,2016-07-16,14.0,18.2,0,3.0,0.0,SE,24,03:04,17.2,63,8,S,6,1028.2,15.6,87,8,S,4,1026.5
,2016-07-17,14.3,23.1,12.6,1.4,3.0,E,24,13:27,17.4,87,7,SW,4,1027.5,21.1,68,7,ESE,9,1024.5
,2016-07-18,15.6,23.5,6.0,2.4,6.8,NE,17,14:08,18.1,87,5,SW,4,1026.6,23.0,60,3,ENE,9,1023.5
,2016-07-19,15.6,24.7,0.4,2.6,8.2,ENE,19,14:19,16.4,97,1,SW,4,1024.6,23.6,58,1,NE,7,1020.6
,2016-07-20,14.4,25.6,0,2.4,8.9,NNE,17,14:48,18.6,78,2,SW,4,1022.7,24.3,63,3,NNE,7,1018.4
,2016-07-21,14.8,27.1,0,3.2,8.7,NW,15,12:27,20.6,79,7,ENE,2,1019.1,25.9,56,2,NE,6,1015.0
,2016-07-22,15.8,27.6,0,2.8,9.1,NNE,20,15:46,18.1,96,1,WSW,4,1016.6,25.7,61,1,NE,7,1010.9
,2016-07-23,18.0,29.1,0,3.2,9.7,W,46,13:45,26.2,58,1,NW,6,1009.7,28.8,36,1,WNW,17,1007.4
,2016-07-24,13.3,22.8,0,8.0,10.1,W,19,02:31,17.7,35,2,WSW,4,1016.9,21.1,39,1,ENE,9,1012.9
,2016-07-25,12.7,23.0,0,4.0,10.0,W,26,13:29,16.9,43,1,WSW,7,1018.8,21.4,30,3,WNW,9,1015.1
,2016-07-26,13.1,19.4,0,6.0,1.6,W,22,09:28,15.9,44,7,WNW,9,1019.6,18.3,37,6,WNW,6,1016.2
,2016-07-27,14.4,20.3,0,3.6,1.8,WNW,28,15:57,16.6,41,7,W,11,1018.7,20.1,36,6,W,11,1016.6
,2016-07-28,9.2,22.6,0,3.2,9.5,WSW,19,09:35,15.8,47,0,SW,6,1024.2,21.8,38,1,E,6,1021.5
,2016-07-29,9.2,24.0,0,4.0,9.8,NW,15,14:35,14.7,59,1,SW,7,1024.0,22.8,38,1,NNE,6,1019.4
,2016-07-30,8.5,23.4,0,2.4,10.2,ENE,19,15:59,15.7,56,0,SW,6,1021.4,22.6,27,0,E,4,1018.1
,2016-07-31,8.5,24.5,0,4.2,10.0,NE,15,15:51,14.8,58,0,SW,6,1021.3,23.9,39,0,NE,6,1016.5
,2016-08-1,9.1,25.6,0,2.6,10.0,ENE,15,16:11,14.2,63,0,WSW,6,1019.2,24.9,31,0,NE,4,1014.7
,2016-08-2,12.6,23.8,0,4.0,2.3,NNW,22,12:16,16.6,72,7,SSE,2,1015.0,22.3,63,7,NW,6,1010.5
,2016-08-3,13.8,19.3,8.6,2.0,10.2,,,,16.2,67,5,W,7,1009.8,17.4,47,2,WNW,22,1007.4
,2016-08-4,11.7,20.8,0.8,6.8,4.4,WSW,41,01:54,17.5,64,7,SW,11,1014.3,18.8,54,7,S,13,1016.4
,2016-08-5,11.6,20.9,0.2,4.0,9.1,SSW,30,10:01,16.7,59,1,SSW,9,1024.8,20.4,42,3,SE,11,1022.8
,2016-08-6,10.9,22.4,0,3.8,9.6,E,20,14:19,15.3,70,4,SW,6,1025.7,22.0,49,2,SSE,6,1023.1
,2016-08-7,10.8,22.4,0,3.8,9.6,E,22,15:15,14.4,77,4,SW,4,1026.2,20.4,53,5,ENE,11,1022.4
,2016-08-8,12.6,22.8,0,4.0,9.0,E,20,15:05,16.8,68,1,SSW,6,1024.5,20.4,55,6,E,7,1021.2
,2016-08-9,10.1,23.3,0,2.8,9.8,NNW,19,11:07,15.9,69,1,SSW,4,1024.5,21.8,41,1,NE,7,1021.1
,2016-08-10,11.2,24.4,0,3.6,9.9,ENE,20,14:39,16.5,66,1,WSW,4,1023.4,22.6,54,2,NE,9,1019.4
,2016-08-11,11.8,26.4,0,3.6,7.8,WSW,31,16:10,20.1,61,3,NNE,4,1021.4,24.7,41,6,NW,9,1016.8
,2016-08-12,13.4,22.7,5.0,3.4,10.0,SE,22,13:48,17.4,71,1,SW,6,1022.0,22.1,52,1,E,7,1019.8
,2016-08-13,11.6,23.7,0,4.0,10.2,WNW,22,13:08,16.5,75,6,WSW,7,1023.6,23.0,30,1,NW,9,1019.1
,2016-08-14,10.0,23.6,0,3.6,10.2,E,24,17:08,16.0,56,1,SW,6,1026.5,22.5,38,1,ENE,11,1023.4
,2016-08-15,12.0,22.7,0.2,5.6,8.6,E,37,13:16,14.7,75,6,SW,4,1029.6,21.0,53,4,ESE,17,1027.3
,2016-08-16,11.5,22.9,0.2,5.4,10.4,E,28,13:18,17.5,65,1,W,6,1030.6,21.3,42,1,ESE,13,1027.1
,2016-08-17,10.7,22.7,0,6.0,9.2,E,24,15:27,15.3,66,5,SW,6,1027.3,22.4,48,1,E,9,1023.0
,2016-08-18,11.8,21.4,1.0,3.6,3.0,SE,20,13:42,13.9,87,6,WNW,6,1025.0,20.5,58,4,NE,4,1021.5
,2016-08-19,11.4,23.3,0.4,4.4,8.4,ENE,24,13:53,16.5,77,5,W,4,1023.5,22.1,42,2,ENE,11,1019.1
,2016-08-20,12.5,25.3,0,1.8,7.3,ENE,20,13:53,20.6,69,1,NE,2,1019.3,22.1,70,5,NE,9,1015.2
,2016-08-21,9.1,22.9,4.4,4.4,10.8,E,19,17:13,15.3,47,1,W,7,1020.6,21.0,44,1,ENE,9,1016.8
,2016-08-22,11.4,24.5,0.2,3.4,9.7,NE,28,14:18,16.6,72,5,WSW,4,1018.5,22.4,56,3,NE,11,1014.2
,2016-08-23,16.6,26.3,0,3.6,9.1,NE,20,15:58,22.7,62,1,N,6,1014.5,24.6,57,4,ENE,9,1011.3
,2016-08-24,19.4,21.8,1.0,4.4,0.0,NE,24,01:13,21.1,89,7,N,2,1008.3,17.1,88,8,SSW,6,1007.0
,2016-08-25,14.2,20.8,9.6,2.4,9.9,WNW,50,08:48,15.9,57,1,W,19,1011.6,20.3,40,1,W,11,1010.6
,2016-08-26,9.1,21.0,0,7.2,9.9,W,28,20:43,15.5,54,1,WSW,6,1017.8,19.6,42,3,ENE,2,1014.0
,2016-08-27,10.2,21.8,0,5.2,11.0,W,24,13:35,15.8,43,1,SW,7,1020.5,21.0,27,1,WSW,7,1017.9
,2016-08-28,9.6,23.7,0,5.2,11.0,W,19,10:49,16.6,53,0,SW,7,1024.3,23.2,36,1,ENE,2,1020.9
,2016-08-29,11.0,23.7,0,4.4,10.8,ENE,24,15:34,17.4,65,1,SW,6,1026.6,22.3,48,1,NE,11,1024.0
,2016-08-30,12.5,23.3,0,4.4,10.3,NE,24,15:13,19.7,66,7, ,Calm,1028.8,22.2,45,5,NE,9,1025.9
,2016-08-31,11.9,23.7,0,5.8,4.4,NE,20,11:22,18.3,68,6,SW,4,1027.1,21.4,60,7,NE,7,1021.8
,2016-09-1,14.2,26.1,0,1.8,7.5,NE,28,16:13,20.3,69,4,WSW,2,1021.5,23.6,57,5,ENE,11,1016.8
,2016-09-2,18.8,25.6,0,5.0,7.6,NNE,33,14:41,23.2,66,6,NNE,7,1016.0,24.4,64,3,NNE,11,1010.2
,2016-09-3,16.2,23.2,9.6,6.4,10.7,W,52,13:15,19.6,57,4,WNW,19,1013.4,21.8,43,5,W,15,1012.3
,2016-09-4,12.3,24.2,0,9.2,10.5,W,24,00:28,18.4,47,1,WSW,7,1022.7,22.0,34,1,ENE,13,1020.8
,2016-09-5,12.0,23.3,0,4.8,9.5,E,30,12:36,18.5,59,5,WSW,6,1028.7,22.6,42,6,ESE,11,1025.8
,2016-09-6,13.1,23.3,0.2,5.4,3.9,E,28,14:40,19.8,59,2,SW,4,1029.2,21.7,53,7,ESE,11,1026.3
,2016-09-7,15.9,23.7,0,4.0,7.4,E,26,13:09,19.9,70,7,SE,6,1029.0,22.8,50,4,ESE,11,1026.3
,2016-09-8,13.9,24.4,0.2,3.8,9.6,E,30,10:18,20.9,58,1,E,9,1028.3,22.9,51,4,E,13,1024.9
,2016-09-9,15.2,22.2,0,5.4,4.4,ENE,37,12:40,21.9,64,2,ENE,17,1024.5,21.3,70,7,ENE,15,1021.0
,2016-09-10,16.2,23.3,7.2,3.4,2.9,NE,28,12:36,21.4,79,6,NE,6,1020.0,19.7,87,7,N,7,1016.2
,2016-09-11,13.0,24.0,14.0,7.2,11.0,ENE,24,13:14,18.6,58,1,WSW,7,1019.4,22.9,50,1,NE,9,1016.2
,2016-09-12,13.6,25.3,0,4.0,10.9,ENE,22,14:40,19.9,68,1,SW,6,1021.3,23.7,55,1,ENE,11,1018.1
,2016-09-13,15.7,26.5,0,5.0,9.7,ENE,26,13:01,22.5,71,5,NE,4,1022.1,24.6,60,3,ENE,13,1018.7
,2016-09-14,18.4,25.9,0,7.4,9.1,NNE,31,15:48,23.7,60,3,N,11,1019.5,24.7,68,3,NNE,11,1015.6
,2016-09-15,19.4,26.7,0,5.6,1.3,WSW,30,16:18,21.3,77,7,W,4,1017.6,24.9,64,6,NNW,6,1013.7
,2016-09-16,16.9,25.7,3.0,3.4,10.2,W,37,15:00,22.6,64,1,WSW,7,1018.8,24.8,52,1,W,13,1017.0
,2016-09-17,13.3,25.5,0.2,5.8,10.1,ENE,24,14:17,19.7,61,1,W,6,1023.3,22.0,61,2,NE,9,1018.8
,2016-09-18,18.6,22.5,3.0,6.0,0.0,NE,24,17:33,20.7,86,7, ,Calm,1016.9,21.8,83,7,NNE,7,1011.2
,2016-09-19,17.8,22.3,3.4,6.9,1.1,W,37,09:52,18.3,58,7,WNW,17,1013.2,21.7,47,6,WNW,13,1011.7
,2016-09-20,12.8,25.3,0,5.2,8.6,NE,19,15:15,19.9,41,4,S,4,1018.7,23.7,36,7,NE,9,1015.9
,2016-09-21,17.6,21.4,0.6,4.4,0.1,WSW,20,22:24,19.7,84,8, ,Calm,1016.1,21.3,79,7, ,Calm,1011.6
,2016-09-22,15.0,24.7,4.6,2.7,11.6,W,39,13:39,19.8,49,1,W,11,1012.7,24.1,35,3,W,20,1008.5
,2016-09-23,13.9,25.2,0,7.6,11.4,NW,31,15:25,19.1,43,0,WSW,15,1012.2,24.9,35,1,W,11,1008.5
,2016-09-24,11.6,26.3,0,5.8,11.3,ENE,20,14:58,20.9,52,1,WSW,7,1013.0,24.7,41,1,ENE,13,1008.2
,2016-09-25,14.1,28.8,0,5.8,8.6,WNW,37,12:27,18.1,70,6,W,2,1009.6,26.6,42,5,WSW,13,1005.5
,2016-09-26,15.5,27.6,0,7.4,11.3,W,24,09:31,21.8,46,1,WSW,9,1013.6,26.3,36,2,NE,4,1009.3
,2016-09-27,15.8,26.6,0,6.8,7.9,WNW,24,11:48,18.6,45,6,WSW,6,1015.2,25.9,23,3,WSW,7,1010.7
,2016-09-28,10.4,27.0,0,6.0,10.6,ENE,28,17:43,22.6,36,0,SW,4,1014.1,24.5,38,3,ENE,11,1010.4
,2016-09-29,17.9,24.1,0,7.4,0.6,NNW,35,14:05,22.2,57,7,N,4,1009.2,21.9,48,8,NNW,9,1006.5
,2016-09-30,16.4,25.7,5.8,5.0,11.3,W,44,14:24,20.0,36,1,WNW,13,1007.2,25.4,20,0,W,20,1003.9
,2016-10-1,14.5,27.0,0.2,10.2,11.8,W,37,09:29,21.3,30,0,WSW,15,1013.2,26.4,21,0,W,15,1010.3
,2016-10-2,12.3,26.9,0,9.2,11.6,ENE,26,15:01,21.5,36,0,WSW,4,1017.0,24.8,34,7,ENE,15,1012.3
,2016-10-3,18.6,26.7,0,5.8,1.0,WNW,76,17:36,23.7,56,7,N,2,1010.0,22.3,87,8,NE,6,1006.6
,2016-10-4,13.0,26.2,16.2,6.8,11.1,WNW,28,16:59,20.0,44,2,WSW,7,1014.9,25.7,25,1,W,11,1011.4
,2016-10-5,12.1,28.7,0,8.0,11.9,W,30,14:39,22.8,35,0,W,9,1018.0,28.5,24,1,WSW,9,1014.9
,2016-10-6,12.3,29.1,0,7.8,11.5,W,19,12:06,22.8,29,0,WSW,7,1022.5,26.2,25,0,ENE,11,1019.1
,2016-10-7,12.4,29.0,0,7.2,11.3,ENE,24,13:53,22.4,42,0,SSW,6,1024.4,27.0,20,1,NE,13,1020.4
,2016-10-8,13.2,32.2,0,7.0,11.0,WNW,24,13:21,24.3,48,7, ,Calm,1021.2,27.9,44,5,NE,9,1016.0
,2016-10-9,16.3,25.5,0,5.0,6.9,ESE,33,11:27,23.9,58,4,SE,9,1020.3,21.7,57,7,ESE,11,1019.4
,2016-10-10,16.0,26.4,0,7.8,10.2,ENE,26,13:21,23.1,53,1,S,4,1018.9,24.5,52,0,NNE,9,1013.3
,2016-10-11,16.8,29.2,0,16.0,10.7,ESE,33,14:34,25.3,56,1,NNW,4,1010.2,24.1,59,3,E,19,1009.9
,2016-10-12,16.6,24.5,0,8.0,8.2,E,26,15:49,21.0,53,7,ESE,7,1016.5,22.6,53,3,ENE,11,1012.4
,2016-10-13,14.7,26.1,0,,8.9,SE,37,14:31,21.4,50,1,WSW,6,1014.8,23.4,50,2,SE,17,1013.0
,2016-10-14,13.5,23.4,0,,9.2,E,35,14:34,20.6,46,3,SSE,17,1022.3,21.5,41,3,E,19,1020.2
,2016-10-15,12.7,24.1,0,10.2,11.6,ENE,30,13:53,21.0,45,3,ESE,6,1024.1,22.6,40,2,ENE,13,1020.7
,2016-10-16,12.2,25.4,0,6.2,11.8,NE,33,12:04,21.6,48,1,WNW,6,1021.6,23.8,39,3,NE,15,1016.6
,2016-10-17,17.3,28.3,0,9.0,7.5,W,59,17:00,25.1,49,6,NNW,9,1015.1,26.1,54,7,NNE,13,1009.0
,2016-10-18,12.3,25.7,10.8,9.8,12.6,WSW,22,01:40,21.0,38,1,S,6,1018.4,24.4,34,1,ENE,11,1014.5
,2016-10-19,14.0,29.4,0,6.2,12.1,NE,24,15:09,23.2,41,1,SW,4,1019.0,26.6,38,3,ENE,15,1015.1
,2016-10-20,16.0,27.0,0,6.2,9.3,E,31,13:32,24.9,53,5, ,Calm,1021.6,23.9,62,5,ENE,13,1019.1
,2016-10-21,17.1,26.8,0,5.8,12.0,NE,26,14:55,24.8,54,2,NNE,9,1023.1,25.1,52,4,NE,11,1018.9
,2016-10-22,18.2,27.6,0,9.2,8.1,ENE,31,13:59,25.0,52,6,N,9,1017.2,24.4,62,7,NE,9,1012.0
,2016-10-23,15.0,21.6,3.0,7.2,0.1,W,26,10:01,17.9,55,6,WSW,7,1015.7,21.2,36,7,WSW,4,1014.4
,2016-10-24,12.2,25.3,0,6.2,12.4,NE,24,16:07,20.9,46,2,S,6,1019.4,24.4,38,1,NE,9,1014.7
,2016-10-25,13.9,27.5,0,6.6,12.3,SE,33,12:02,22.4,48,1,NNW,6,1020.3,25.3,39,1,NE,11,1016.9
,2016-10-26,15.0,28.0,0,8.0,12.2,NE,31,16:27,25.4,46,1,N,7,1020.4,25.7,54,1,NE,13,1016.2
,2016-10-27,16.7,29.2,0,10.4,11.6,ENE,26,14:14,23.6,51,5,NW,7,1018.2,27.0,48,2,NE,9,1013.7
,2016-10-28,17.7,28.6,0,8.0,10.2,NE,26,14:52,25.7,54,3,SSE,4,1017.8,26.7,44,4,NNE,11,1014.1
,2016-10-29,18.5,28.2,0,6.6,10.5,E,28,14:22,25.5,49,5,NE,7,1019.4,25.8,51,5,ENE,13,1016.5
,2016-10-30,17.4,27.7,0,8.0,12.3,ENE,31,15:24,25.6,52,3,NE,7,1020.3,26.8,45,2,NE,9,1015.5
,2016-10-31,20.0,28.3,0,8.8,5.3,E,22,15:38,24.5,61,7,WNW,6,1013.8,27.2,60,3,NE,9,1009.9
,2016-11-1,20.8,26.3,1.4,5.2,2.4,SE,17,03:36,22.8,78,7,SSW,2,1011.1,23.0,88,6,NE,7,1007.3
,2016-11-2,13.0,28.9,1.2,2.8,12.5,,,,25.4,33,1,S,6,1014.1,26.6,32,1,ENE,13,1012.5
,2016-11-3,17.9,27.5,0,8.6,7.8,,,,24.4,56,7,NE,4,1019.3,25.5,48,7,ENE,13,1016.0
,2016-11-4,20.2,29.3,0,8.0,11.7,NE,30,16:15,26.3,39,1,SSW,4,1016.4,27.3,48,2,NNE,13,1011.9
,2016-11-5,17.2,34.4,0,9.0,12.3,NE,31,14:37,26.5,50,0,NW,4,1011.9,29.6,45,1,NE,13,1006.4
,2016-11-6,16.7,33.3,0,7.6,12.6,ENE,26,14:15,26.9,28,1,S,4,1010.7,28.4,46,1,ENE,13,1006.9
,2016-11-7,20.4,28.9,0,8.8,12.0,ENE,30,13:05,25.3,61,3,ENE,9,1015.7,26.9,55,1,NE,11,1011.9
,2016-11-8,22.6,32.5,0,9.0,9.6,NE,28,15:31,28.5,56,3,NNE,7,1014.2,28.9,57,8,NNE,13,1010.0
,2016-11-9,21.6,31.7,1.0,6.8,8.5,NE,37,16:31,28.0,59,7,NNW,7,1014.2,28.3,58,3,NNE,17,1008.2
,2016-11-10,21.2,32.5,3.6,8.6,11.8,ESE,22,22:04,27.2,61,6,NW,7,1009.1,29.8,57,2,ENE,9,1004.6
,2016-11-11,19.8,31.8,0,7.4,9.3,NNE,26,14:12,28.2,54,7,NW,4,1012.6,27.8,64,3,NE,15,1008.9
,2016-11-12,23.0,31.6,0,6.0,4.1,SSE,44,15:21,27.9,66,7,NNE,7,1009.7,26.2,82,8,ENE,7,1005.1
,2016-11-13,21.7,36.0,19.6,8.8,,N,33,17:35,28.0,69,7,NW,2,1004.3,30.8,58,6,NE,11,999.1
,2016-11-14,21.6,30.1,0.2,12.4,11.1,WSW,43,14:51,25.2,24,2,W,17,1006.1,29.2,19,2,W,19,1004.0
,2016-11-15,17.5,27.4,0,12.6,11.6,ENE,30,14:13,23.7,34,3,S,7,1014.7,24.8,47,3,ESE,15,1013.1
,2016-11-16,16.9,28.1,0,8.0,12.9,ENE,28,13:16,24.9,51,4,ENE,6,1020.0,26.0,51,1,NE,11,1017.5
,2016-11-17,17.9,28.3,0,9.2,9.7,E,35,11:32,24.3,51,3,SE,13,1022.8,25.3,53,2,SE,17,1020.9
,2016-11-18,17.3,27.3,0,9.6,11.5,ENE,24,13:28,24.0,51,3,E,7,1021.6,25.3,48,2,ENE,13,1018.0
,2016-11-19,17.9,28.1,0,7.6,6.8,,,,23.8,60,7,ESE,4,1019.5,26.5,47,7,NE,9,1017.1
,2016-11-20,18.2,28.6,0,5.6,12.7,E,26,14:28,26.1,50,1,ENE,7,1021.0,27.2,42,1,ENE,15,1019.0
,2016-11-21,18.0,29.7,0,8.0,12.9,ENE,30,11:06,25.9,51,1,E,7,1020.5,27.6,36,1,ENE,13,1017.2
,2016-11-22,17.6,28.8,0,8.8,12.6,E,31,16:25,26.2,50,4,ESE,9,1018.0,26.9,47,2,ESE,15,1014.2
,2016-11-23,19.7,31.2,0,8.8,11.2,NE,26,14:27,27.1,53,3,SE,6,1013.0,29.2,56,2,NE,13,1008.2
,2016-11-24,20.6,35.1,0,7.6,12.1,ESE,37,17:03,31.1,40,0,WSW,7,1008.5,29.6,53,1,ESE,15,1007.0
,2016-11-25,18.1,29.0,0,11.0,12.4,E,26,16:50,25.5,50,3,NE,7,1014.3,26.6,53,2,ENE,15,1011.6
,2016-11-26,22.0,27.0,0,,3.3,ENE,30,10:03,25.2,67,7,ESE,15,1016.2,24.7,60,8,ENE,11,1014.4
,2016-11-27,20.7,29.7,1.0,5.6,9.3,ENE,31,16:17,25.0,63,6,SW,2,1017.0,27.6,54,2,NE,11,1013.7
,2016-11-28,20.3,29.9,0,5.4,11.6,NE,33,15:52,27.2,54,3,WNW,4,1017.0,27.8,53,2,NNE,11,1013.6
,2016-11-29,20.9,30.7,0,9.4,12.9,NE,31,19:05,26.8,37,1,N,9,1013.7,28.9,34,1,NE,11,1009.5
,2016-11-30,19.9,31.3,0,9.0,9.3,SSE,43,15:41,27.3,43,1,N,6,1011.8,27.1,56,7,NNE,9,1007.6
,2016-12-1,19.2,30.2,16.6,6.4,10.8,NNE,39,16:13,27.2,53,4,NNW,7,1012.5,27.7,60,4,NE,17,1006.2
,2016-12-2,20.1,30.4,0.4,7.6,13.2,NE,30,16:01,27.6,56,2,NW,6,1012.3,29.4,62,1,NNE,11,1009.6
,2016-12-3,24.2,30.8,0,8.2,5.4,WSW,48,18:11,26.4,74,8,NNE,6,1015.3,29.1,61,1,NE,17,1010.8
,2016-12-4,20.2,30.3,21.2,10.4,12.6,NE,31,14:35,28.4,61,2,NE,6,1015.8,28.9,65,2,NE,13,1012.8
,2016-12-5,23.0,30.3,0,9.0,11.7,NE,31,16:13,28.7,64,2,NE,7,1015.0,28.2,68,3,NE,15,1011.3
,2016-12-6,23.2,33.8,5.4,10.0,6.6,ENE,28,17:22,27.5,69,6,NNE,9,1016.4,31.6,56,6,ENE,11,1009.1
,2016-12-7,22.8,31.3,11.0,7.8,3.4,SE,24,19:51,25.7,69,8,NNW,7,1013.4,28.9,68,7,ENE,9,1010.3
,2016-12-8,22.7,28.4,20.4,7.8,1.1,NE,24,15:59,24.6,82,8,ENE,4,1012.6,26.8,77,7,NE,7,1007.4
,2016-12-9,23.8,28.6,3.2,3.0,0.6,W,28,12:33,25.9,67,6,W,7,1009.3,26.2,62,6,WNW,9,1009.5
,2016-12-10,21.6,27.7,1.4,4.0,7.0,ESE,39,14:14,24.7,54,7,ESE,17,1020.5,25.1,56,7,E,19,1019.2
,2016-12-11,18.5,27.2,0,8.0,5.9,ESE,30,13:12,24.7,52,7,E,11,1021.9,24.7,48,7,E,13,1020.5
,2016-12-12,18.2,28.1,0,6.8,12.4,E,28,14:15,25.6,48,2,ESE,11,1022.4,26.6,51,7,E,13,1021.0
,2016-12-13,17.8,28.8,0,8.4,13.1,ENE,26,13:50,25.2,55,3,ENE,6,1020.9,27.7,43,1,ENE,11,1017.6
,2016-12-14,19.8,29.5,0,5.6,12.8,NE,30,17:16,27.0,53,2,NNW,7,1016.8,28.3,46,1,NE,11,1012.5
,2016-12-15,19.0,30.6,0,,12.9,NE,33,19:13,27.6,51,1,NNW,6,1013.2,29.1,52,1,NNE,13,1009.9
,2016-12-16,23.6,30.0,0,4.0,9.8,E,28,15:51,27.9,51,7,NNE,9,1014.0,29.1,45,7,NE,11,1012.0
,2016-12-17,22.4,31.0,0,8.0,12.3,NE,31,17:53,28.1,50,1,NNW,11,1013.1,29.1,54,4,NNE,11,1009.4
,2016-12-18,23.9,32.3,1.6,9.2,6.8,SE,41,14:55,27.4,60,6,SW,4,1013.1,25.1,70,6,S,22,1013.5
,2016-12-19,21.6,27.8,12.4,10.4,1.1,SSE,31,09:48,24.7,58,7,SE,15,1017.8,25.7,50,6,E,15,1015.5
,2016-12-20,20.5,29.6,0.2,8.0,8.0,NNE,22,17:48,25.7,61,7,NE,6,1015.5,28.1,53,2,NE,9,1011.2
,2016-12-21,22.1,34.1,0,7.0,8.8,WSW,26,17:01,29.5,55,3,NW,6,1012.2,31.0,57,7,NE,11,1008.6
,2016-12-22,22.1,31.5,0.6,7.4,7.2,ESE,39,15:25,28.0,59,7,SSE,11,1014.8,27.0,58,7,E,22,1014.2
,2016-12-23,22.0,27.7,0,7.8,5.8,E,28,11:24,26.2,55,5,E,17,1018.2,27.5,54,4,E,13,1015.8
,2016-12-24,20.0,29.2,0,9.4,11.8,E,37,12:15,26.7,52,5,E,7,1017.4,27.5,53,3,ENE,11,1014.8
,2016-12-25,20.6,27.5,0,8.0,0.1,ENE,24,17:05,23.3,75,8,SE,13,1016.7,25.0,65,7,ENE,11,1015.6
,2016-12-26,18.5,29.3,6.0,4.0,9.6,ENE,31,15:59,27.1,55,4,E,13,1016.6,25.3,69,7,E,15,1014.5
,2016-12-27,18.9,28.9,1.4,6.6,12.2,ENE,28,17:11,27.1,58,4,ENE,11,1016.1,27.8,57,3,ENE,13,1013.9
,2016-12-28,19.0,29.8,0.2,8.0,12.4,ENE,31,16:32,27.4,51,1,ENE,7,1015.3,28.6,46,1,E,11,1012.8
,2016-12-29,21.2,30.8,0,9.6,12.6,ENE,28,15:06,27.6,60,3,NNE,7,1012.8,29.3,53,1,NE,11,1008.5
,2016-12-30,20.7,32.4,0,8.6,11.9,NE,31,16:23,28.4,54,1,W,4,1008.4,29.9,60,1,NE,15,1005.5
,2016-12-31,24.5,33.9,0,8.0,13.1,NE,31,15:59,30.6,58,3,N,6,1007.0,31.9,57,1,NE,15,1003.4
,2017-01-1,24.8,34.7,0,9.8,12.2,NE,39,15:04,31.4,55,1,N,7,1006.5,31.6,62,2,NE,13,1004.3
,2017-01-2,26.1,32.5,0,9.6,9.0,SE,33,21:30,30.9,61,5,NE,9,1007.8,30.4,58,6,NE,15,1004.9
,2017-01-3,22.3,26.8,98.0,9.2,0.0,SE,37,16:03,24.2,81,8,SSE,13,1012.5,24.7,73,8,SSE,13,1012.0
,2017-01-4,22.4,29.6,0.6,2.8,4.1,E,43,12:54,26.6,57,7,ESE,15,1015.4,28.1,45,7,ESE,20,1013.7
,2017-01-5,21.5,29.4,0,8.4,3.6,SSE,28,11:18,27.0,58,6,SE,7,1014.6,27.2,61,6,E,13,1011.9
,2017-01-6,21.1,28.6,0.4,5.4,5.4,ENE,30,13:36,26.6,63,7,ESE,11,1013.3,27.2,69,7,E,15,1011.8
,2017-01-7,21.7,28.5,23.4,6.8,10.5,ESE,39,14:47,25.9,60,5,ESE,13,1014.8,28.1,45,3,ESE,15,1011.5
,2017-01-8,19.5,29.2,0.2,7.6,11.7,E,33,13:25,26.3,57,4,ESE,9,1014.1,27.6,44,3,E,15,1011.8
,2017-01-9,19.3,30.0,0,8.8,9.2,NE,24,15:01,26.3,61,6,SE,2,1014.2,28.1,62,2,ENE,13,1011.5
,2017-01-10,22.5,31.2,0,6.8,9.2,NNE,30,17:43,28.8,65,3,NNE,6,1014.3,29.5,58,3,NNE,11,1011.6
,2017-01-11,23.7,32.3,0,8.6,12.5,NNE,26,16:20,29.1,60,3,W,4,1013.3,31.2,54,1,N,7,1009.2
,2017-01-12,23.5,35.6,0,8.0,10.1,NE,24,13:50,30.1,59,6,WSW,4,1011.2,34.6,50,4,ENE,11,1007.8
,2017-01-13,25.1,33.3,0.2,8.8,11.2,ENE,26,19:53,28.7,72,4,ENE,9,1012.3,32.7,46,1,NNE,9,1008.7
,2017-01-14,25.2,35.0,0,8.8,12.5,NE,31,16:38,31.1,63,3,N,6,1008.6,32.5,64,6,NE,11,1005.1
,2017-01-15,24.6,32.0,0,9.4,0.9,E,35,16:48,29.1,71,7,E,4,1008.4,28.8,80,8,ESE,7,1008.1
,2017-01-16,22.6,31.2,83.2,3.6,12.4,NE,26,16:46,27.9,69,3,E,6,1015.3,30.0,59,2,ENE,11,1013.6
,2017-01-17,23.0,31.9,0.2,8.0,11.6,ENE,26,13:51,28.3,66,5,E,4,1017.1,30.6,56,2,NE,9,1014.3
,2017-01-18,22.6,35.0,0,10.4,13.2,NNE,26,16:49,29.6,57,0,NE,4,1013.5,33.0,54,1,NE,11,1008.2
,2017-01-19,25.8,30.9,0,8.6,5.7,ESE,28,17:59,28.6,69,7,ESE,4,1011.0,30.4,55,4,ESE,11,1008.9
,2017-01-20,24.6,32.3,0,8.0,10.1,NNE,28,17:49,28.1,65,7,NW,4,1009.2,31.6,59,1,NNE,11,1003.2
,2017-01-21,28.0,33.6,0,8.6,3.0,SE,44,13:14,31.1,61,7,W,9,1006.6,25.1,87,8,ESE,7,1007.9
,2017-01-22,23.0,29.1,2.4,5.8,8.8,SE,31,09:13,26.3,60,6,SE,17,1016.3,27.6,53,3,ESE,11,1014.6
,2017-01-23,19.8,29.2,0,10.6,8.0,E,26,14:27,26.1,49,7,ENE,6,1017.1,28.1,47,4,E,9,1014.5
,2017-01-24,19.5,32.2,0,8.0,12.0,NE,24,13:32,27.4,49,1,WSW,6,1017.0,30.3,45,0,NE,11,1012.8
,2017-01-25,22.5,31.4,0,10.4,12.8,ENE,26,16:43,29.0,56,1,WNW,2,1016.4,30.3,53,7,ENE,11,1014.1
,2017-01-26,24.1,32.3,0,8.0,10.9,NNE,26,19:13,28.4,54,4,NW,6,1014.3,31.1,54,3,NE,9,1010.7
,2017-01-27,23.6,29.1,3.2,9.4,0.6,NE,15,16:07,26.5,76,7,SE,2,1014.1,26.6,75,7,NE,7,1012.9
,2017-01-28,22.9,30.6,6.6,3.6,10.8,ENE,28,12:39,28.4,66,5,E,9,1016.2,29.6,58,1,ENE,11,1014.5
,2017-01-29,21.4,31.8,0,8.0,12.9,NE,28,16:05,27.9,60,3,NNW,4,1017.4,29.9,54,1,ENE,15,1015.8
,2017-01-30,23.0,,0,8.6,12.3,,,,29.2,55,5,NNE,7,1016.6,29.9,56,1,ENE,9,1013.9
,2017-01-31,22.8,32.5,,8.4,12.8,NE,26,18:12,29.1,53,1,NW,9,1015.3,31.5,52,1,NE,11,1012.4
,2017-02-1,23.4,32.9,0,11.8,12.5,NE,28,17:20,29.2,57,1,N,6,1015.7,31.8,45,1,NNE,11,1012.3
,2017-02-2,24.6,32.9,0,10.2,12.4,NE,30,17:59,30.0,58,1,ENE,4,1013.5,31.6,50,1,NE,11,1010.1
,2017-02-3,25.8,32.4,0,11.6,10.8,ENE,26,15:00,29.5,60,3,N,6,1015.2,31.1,49,4,ENE,13,1012.9
,2017-02-4,23.5,32.8,0,11.0,11.9,ENE,30,14:34,29.4,55,7,NE,6,1016.2,32.0,53,6,ENE,11,1013.3
,2017-02-5,24.5,32.8,0,8.8,10.8,ENE,26,13:14,29.1,61,4,NNW,6,1015.6,31.4,53,7,NE,7,1012.4
,2017-02-6,24.1,33.0,0,8.6,12.7,,,,29.9,52,3,NE,6,1014.7,30.9,50,1,ENE,11,1011.6
,2017-02-7,,32.8,,10.8,12.5,,,,30.2,53,3,ENE,7,1014.9,31.2,53,2,ENE,13,1012.9
,2017-02-8,24.6,32.8,0,9.8,12.6,SE,37,11:01,29.8,59,4,SE,15,1016.4,31.5,39,3,ESE,19,1014.7
,2017-02-9,23.3,32.2,4.0,11.0,10.7,SSE,33,12:42,27.0,73,6,S,11,1015.8,30.2,55,2,SE,15,1012.3
,2017-02-10,22.9,33.0,1.4,8.8,11.5,E,28,16:15,27.7,65,4,SSW,4,1013.6,31.6,54,2,ENE,11,1009.0
,2017-02-11,22.6,37.0,0,8.8,12.2,NNE,30,15:42,29.5,60,2,SW,6,1010.2,32.9,46,2,NE,11,1006.8
,2017-02-12,22.7,37.6,0,10.2,11.7,NNE,28,17:10,30.9,53,1,NNE,4,1005.8,33.8,52,1,NE,15,1000.1
,2017-02-13,27.3,35.6,0,11.4,5.0,ESE,37,16:58,30.4,64,7,WSW,4,1004.3,30.6,59,7,ESE,17,1002.8
,2017-02-14,22.9,30.3,8.6,7.6,9.1,SE,35,12:23,27.9,61,6,SE,13,1011.9,29.1,47,3,SE,15,1010.8
,2017-02-15,21.7,30.4,0.2,9.8,10.5,ESE,26,17:33,27.2,57,3,E,7,1014.5,28.7,46,3,E,15,1012.1
,2017-02-16,21.1,31.7,0,9.4,9.5,ENE,26,15:24,26.8,58,7,NE,4,1015.5,29.9,50,1,ENE,13,1012.5
,2017-02-17,23.1,31.8,0,9.4,10.5,ENE,24,17:35,27.1,58,5,NE,4,1015.8,30.4,47,1,NE,11,1012.0
,2017-02-18,23.0,31.9,0,9.6,12.0,NE,31,17:39,28.9,50,3,N,6,1012.1,30.9,42,2,NE,13,1007.9
,2017-02-19,22.5,34.0,1.2,11.0,5.6,W,19,03:03,28.2,62,7,NNW,6,1008.2,31.2,49,8,W,4,1006.0
,2017-02-20,21.6,31.7,15.2,6.2,9.9,E,24,16:03,25.8,68,7,WSW,6,1011.7,31.1,37,1,E,13,1009.0
,2017-02-21,22.1,32.0,0,8.8,11.0,SE,30,14:32,28.6,59,5,ESE,6,1017.3,30.1,51,8,SE,15,1015.3
,2017-02-22,22.5,30.3,0,10.8,7.6,ESE,37,17:28,26.6,58,7,SE,13,1019.9,28.8,43,5,ESE,17,1016.7
,2017-02-23,21.0,31.0,0,9.8,11.8,E,33,15:09,27.1,45,5,SE,13,1019.4,29.3,47,2,ESE,13,1016.8
,2017-02-24,19.9,32.0,0,9.0,12.1,ENE,26,15:01,27.5,55,1,SE,7,1018.9,30.2,44,1,ENE,15,1015.4
,2017-02-25,20.1,31.9,0,10.6,12.2,E,31,15:46,27.3,50,2,SSE,9,1017.0,30.1,47,2,ESE,15,1013.1
,2017-02-26,21.1,31.6,0,10.4,6.5,SE,39,16:50,27.2,56,8,SSE,13,1016.2,27.9,47,5,E,15,1014.1
,2017-02-27,21.0,29.1,0,8.8,7.9,SE,35,14:06,24.9,59,6,SSE,11,1018.4,27.9,45,4,SE,13,1015.7
,2017-02-28,19.6,31.1,0,8.0,10.5,E,28,13:51,25.1,60,6,WSW,7,1016.8,29.8,51,2,ESE,11,1014.0
,2017-03-1,20.9,32.6,0,6.6,11.0,ENE,31,15:20,27.6,58,2,SSW,6,1017.3,29.0,56,3,E,17,1014.2
,2017-03-2,22.1,32.1,0.4,8.2,9.2,NE,22,16:06,28.2,62,4,S,4,1015.5,29.6,56,5,ENE,11,1011.8
,2017-03-3,21.8,32.3,0,7.6,10.7,E,33,13:13,28.0,64,3,W,6,1013.4,30.3,55,6,E,11,1010.7
,2017-03-4,23.5,31.8,0,8.0,4.7,ENE,24,14:15,28.4,64,6,ESE,4,1013.3,29.5,60,7,ENE,9,1009.9
,2017-03-5,22.4,34.3,2.6,6.2,10.4,NE,19,17:09,27.1,72,6,SW,7,1010.0,30.9,53,2,NE,9,1005.6
,2017-03-6,22.7,31.5,0.2,6.0,10.8,ENE,26,15:39,26.9,62,5,W,2,1010.2,30.0,52,2,E,15,1007.7
,2017-03-7,22.6,33.0,0,9.8,10.8,E,30,17:40,27.1,45,2,SSW,6,1013.6,30.0,40,2,ENE,13,1010.2
,2017-03-8,20.5,31.0,0,,1.9,SE,24,19:14,23.0,50,7,SW,7,1014.4,29.6,35,7,SW,6,1010.1
,2017-03-9,19.7,31.1,0,,11.3,SSW,24,11:59,25.3,47,2,SSW,7,1012.5,27.4,45,4,ENE,11,1008.3
,2017-03-10,19.5,31.9,0,8.0,11.4,ENE,26,15:06,25.5,43,0,WSW,7,1012.4,30.0,36,1,E,11,1008.8
,2017-03-11,20.7,31.1,0,8.0,10.9,ENE,28,15:08,25.8,48,1,ENE,4,1013.2,28.2,50,1,ENE,15,1009.8
,2017-03-12,21.5,32.9,0.4,10.0,10.9,NE,26,18:13,27.3,60,3,ENE,4,1012.7,30.6,54,1,ENE,11,1008.5
,2017-03-13,23.9,27.8,0,9.6,2.7,ENE,26,20:29,24.6,75,7,WSW,11,1014.9,27.1,67,7,E,11,1011.9
,2017-03-14,22.5,30.4,0,4.4,4.2,ESE,31,15:51,26.1,66,7,SE,7,1015.9,26.8,63,7,ESE,13,1013.9
,2017-03-15,21.8,28.9,2.8,5.6,1.3,ESE,20,12:41,24.6,80,7,SW,4,1014.1,27.7,66,7,ENE,9,1012.0
,2017-03-16,22.5,33.1,0.2,3.8,4.5,E,24,15:33,25.2,77,6,SSW,4,1012.2,28.7,67,7,E,13,1008.2
,2017-03-17,21.6,35.7,0,3.4,7.2,S,37,13:41,28.3,62,1,WSW,7,1012.0,25.0,79,7,E,15,1009.8
,2017-03-18,20.8,32.8,41.8,8.6,10.9,NE,31,16:39,28.0,57,3,WNW,7,1011.4,29.5,57,3,NE,11,1009.1
,2017-03-19,22.9,29.6,11.0,8.4,4.7,SE,24,16:53,24.0,93,7,SSE,4,1017.7,29.1,64,5,ENE,11,1015.1
,2017-03-20,22.8,27.3,24.2,2.8,0.5,NE,31,12:03,26.8,82,8,ENE,11,1017.1,23.4,92,8,NE,7,1014.8
,2017-03-21,22.8,28.6,90.6,5.8,3.7,ENE,26,15:39,26.2,82,8,E,7,1016.9,27.7,70,8,ENE,11,1014.9
,2017-03-22,23.2,27.9,3.8,5.6,0.2,ENE,20,11:29,26.0,84,8,SSE,6,1016.3,25.9,84,8,SW,2,1013.8
,2017-03-23,23.1,29.3,0.6,1.4,0.9,NE,17,16:55,25.7,83,8, ,Calm,1016.5,29.0,59,7,ENE,6,1013.7
,2017-03-24,22.4,29.4,0.8,3.4,4.6,SSE,26,14:04,26.5,75,6, ,Calm,1016.3,24.1,91,6,E,11,1013.5
,2017-03-25,21.5,28.0,10.0,5.1,7.8,SE,24,12:36,25.3,69,4,SSE,7,1017.0,26.8,65,5,E,11,1014.2
,2017-03-26,20.5,,0.2,4.0,9.2,NE,20,14:07,26.3,69,4,SSW,2,1016.0,,,2,ENE,7,1011.8
,2017-03-27,,30.1,0,5.8,10.8,E,24,14:35,27.4,68,5,S,6,1016.2,28.2,61,3,E,11,1012.8
,2017-03-28,21.2,31.3,0,7.4,10.0,ENE,20,14:08,27.4,64,3,NNE,2,1014.9,29.5,51,5,E,13,1011.6
,2017-03-29,22.0,29.5,0,5.4,3.5,E,24,15:10,27.0,76,7,E,7,1014.4,25.9,89,7,E,6,1011.7
,2017-03-30,23.4,25.8,,13.8,0.0,ENE,59,19:31,24.5,95,8,N,6,1009.8,25.8,92,8,ENE,20,1002.9
,2017-03-31,21.7,28.3,,9.8,6.9,W,44,00:05,25.2,58,3,SW,17,1006.9,26.8,55,7,SSW,13,1008.1
,2017-04-1,20.0,29.0,0.2,7.4,9.8,WSW,22,07:51,23.7,54,2,WSW,9,1014.7,28.5,40,3,S,4,1011.8
,2017-04-2,20.5,27.7,0,7.8,2.8,SSE,28,15:19,23.7,52,6,SSW,9,1018.1,25.9,49,6,S,7,1015.9
,2017-04-3,18.6,25.6,0,7.0,6.0,SSE,31,16:01,23.0,59,5,SW,9,1019.9,23.4,57,5,SSE,17,1017.8
,2017-04-4,17.4,24.5,0,6.2,6.7,SSE,35,14:27,22.6,57,3,SW,7,1020.8,21.5,72,7,SE,4,1019.1
,2017-04-5,16.9,25.6,0.4,3.4,6.7,SSE,35,12:10,21.8,64,7,SW,9,1020.9,24.0,54,3,ESE,15,1018.2
,2017-04-6,16.7,22.7,3.2,4.2,0.7,ESE,24,12:24,21.0,72,7,SSW,6,1022.0,22.0,64,7,ESE,4,1019.9
,2017-04-7,16.6,26.3,0.2,3.4,10.2,SSE,31,13:43,22.2,61,1,S,7,1023.6,25.4,48,3,SE,11,1020.8
,2017-04-8,16.9,26.2,0,7.0,5.8,ESE,31,15:12,22.9,63,1,SSW,7,1023.0,25.8,55,7,SE,15,1019.5
,2017-04-9,17.4,27.4,0,4.6,10.6,NNE,17,14:24,23.3,63,1,SW,6,1018.6,25.3,59,3,ENE,9,1013.4
,2017-04-10,16.9,29.0,0,4.0,10.4,W,33,16:07,23.2,74,1,NNW,2,1012.5,28.4,32,1,WNW,17,1008.6
,2017-04-11,13.8,27.1,0,11.2,10.8,E,20,16:16,21.3,35,0,WSW,6,1015.8,26.8,30,0,W,6,1013.6
,2017-04-12,16.1,28.3,0,5.0,10.4,ESE,24,16:45,23.3,55,1,SSW,7,1019.2,26.6,56,2,ESE,11,1016.4
,2017-04-13,17.8,26.7,0,5.2,10.1,E,20,15:48,23.1,61,2,SSW,7,1021.5,24.9,57,2,E,11,1018.3
,2017-04-14,17.8,26.8,0,4.0,8.3,ENE,19,16:14,22.5,68,4,WSW,6,1021.0,24.0,57,3,E,9,1017.5
,2017-04-15,17.4,26.7,0,4.8,9.6,E,20,14:43,22.2,63,2,WSW,6,1020.8,24.0,61,2,E,11,1017.3
,2017-04-16,16.4,26.6,0,5.4,10.8,ENE,19,13:49,22.1,66,2,SSW,6,1020.8,25.5,51,1,ENE,9,1018.1
,2017-04-17,15.8,26.8,0,4.4,10.3,E,17,16:45,21.7,66,1,W,4,1023.1,24.2,56,3,ENE,7,1019.9
,2017-04-18,16.4,26.6,0,44.0,9.4,E,24,17:08,22.4,64,6,WSW,6,1025.1,24.6,49,7,ESE,9,1022.1
,2017-04-19,17.0,26.0,0,5.2,9.3,E,33,14:27,22.6,63,1,SSW,9,1026.1,24.2,60,4,ESE,17,1023.7
,2017-04-20,16.3,26.2,0,6.6,8.9,ESE,35,15:02,22.4,59,3,SSW,7,1026.4,24.0,56,6,ESE,13,1023.9
,2017-04-21,15.8,,0.4,6.0,4.8,,,,22.4,68,5,SSW,4,1025.6,22.9,61,6,ESE,7,1023.0
,2017-04-22,17.2,24.8,,3.0,3.8,SE,33,13:40,19.8,86,7,SW,2,1024.8,23.4,50,6,E,11,1021.6
,2017-04-23,15.1,26.4,0,5.8,10.2,E,20,15:09,21.3,63,1,SW,4,1023.4,25.1,57,3,E,9,1019.7
,2017-04-24,16.5,26.0,0,4.2,9.4,E,19,15:52,21.5,70,2,SW,6,1021.9,22.5,70,4,NW,2,1018.7
,2017-04-25,15.7,26.9,0.2,4.2,10.6,ENE,17,13:17,20.8,76,6,SW,4,1019.6,26.6,48,1,NNE,4,1014.9
,2017-04-26,16.9,23.7,0.2,4.2,2.3,W,24,20:42,22.5,69,7,WNW,4,1013.7,22.9,78,8,N,2,1009.2
,2017-04-27,13.5,22.6,1.0,2.6,2.3,WSW,31,11:44,17.6,47,1,SW,7,1014.5,22.2,35,1,S,6,1012.0
,2017-04-28,13.0,25.3,0,6.2,7.4,S,26,14:06,16.3,58,3,WSW,7,1017.2,24.5,46,5,S,11,1014.7
,2017-04-29,15.3,26.3,0,5.8,10.6,SW,20,10:30,20.4,53,0,SSW,7,1020.2,25.4,35,1,SSW,7,1016.8
,2017-04-30,13.6,25.8,0,4.8,9.9,E,19,16:04,19.5,65,1,SW,6,1021.2,24.5,52,1,E,7,1017.8
,2017-05-1,15.1,26.8,0,4.6,9.9,NE,20,14:27,20.7,67,1,SW,4,1021.9,24.7,53,3,E,9,1018.3
,2017-05-2,15.7,27.5,0,4.8,8.5,NE,15,14:55,20.2,77,3,SW,4,1020.4,25.6,45,3,NE,7,1017.0
,2017-05-3,18.1,27.5,0,2.8,9.4,ESE,30,16:23,22.5,71,2,SW,6,1021.4,24.5,60,4,ESE,11,1020.3
,2017-05-4,17.0,23.6,0,5.6,5.8,SE,35,15:36,22.0,64,1,S,7,1026.6,22.6,61,7,SE,11,1024.6
,2017-05-5,15.1,24.8,0,5.2,9.7,SE,35,14:31,20.4,63,1,SSW,6,1028.6,22.3,48,3,ESE,15,1025.3
,2017-05-6,14.7,24.9,0,5.4,9.8,SSE,26,11:00,20.6,65,2,SSW,6,1026.5,23.8,46,2,ESE,9,1022.8
,2017-05-7,16.4,26.4,0,5.4,8.7,E,20,16:36,19.9,66,6,SW,6,1023.8,25.6,47,2,SE,4,1020.3
,2017-05-8,14.8,22.0,0,5.0,0.0,ESE,26,15:08,18.9,74,7,SW,2,1023.2,21.0,66,8,SE,13,1020.7
,2017-05-9,16.4,23.5,18.0,0.4,8.0,SE,35,13:38,20.7,67,6,SSE,6,1022.5,22.1,53,2,ESE,15,1019.8
,2017-05-10,16.2,19.5,0.6,5.0,0.0,W,19,05:52,17.7,75,8,S,2,1020.6,17.5,82,8,SW,6,1018.2
,2017-05-11,14.3,24.7,2.8,1.8,8.8,S,24,11:56,19.4,62,1,WSW,6,1021.4,23.5,49,4,SSE,6,1018.4
,2017-05-12,14.6,23.9,0,3.2,5.7,ESE,28,12:47,18.3,73,7,SW,4,1023.9,22.4,57,6,ESE,9,1020.9
,2017-05-13,16.5,23.1,0,4.2,1.7,ENE,22,13:50,19.0,73,7,WSW,6,1023.1,20.4,77,7,SE,9,1020.2
,2017-05-14,17.1,21.9,0.2,1.0,0.9,SSW,15,08:29,19.1,83,6,SSW,6,1018.4,20.9,78,8,ESE,4,1015.1
,2017-05-15,16.1,26.4,0.4,0.8,9.4,W,30,13:38,21.0,72,1,NW,4,1015.6,26.1,40,1,W,11,1012.3
,2017-05-16,12.3,26.0,0.2,5.8,10.1,WNW,24,14:36,18.4,63,0,SSW,4,1018.5,25.5,33,1,WNW,7,1015.7
,2017-05-17,12.8,25.0,0,3.6,9.8,E,19,14:52,18.2,62,6,SW,4,1022.5,23.9,54,7,ENE,11,1020.3
,2017-05-18,15.8,23.6,0,3.0,0.7,E,24,12:33,20.4,72,8,SE,6,1024.7,22.4,57,8,E,9,1022.4
,2017-05-19,17.2,20.7,10.6,2.8,0.0,WSW,13,02:43,18.7,93,8,WSW,4,1023.7,19.8,91,8,SE,6,1019.4
,2017-05-20,16.5,25.0,3.0,1.2,8.0,WNW,13,11:51,20.2,79,1,SW,6,1019.1,23.0,69,4,NE,4,1015.9
,2017-05-21,16.1,25.8,0,1.2,8.4,SW,19,12:14,20.0,86,5,SSW,4,1019.7,25.4,62,2,NNW,4,1017.5
,2017-05-22,16.3,25.9,0.2,2.8,9.7,E,19,13:55,18.4,92,1,SW,6,1022.5,24.5,61,2,ESE,9,1019.2
,2017-05-23,15.4,26.9,0,3.6,9.8,WSW,15,10:27,19.9,78,1,SW,6,1022.5,25.6,53,1,N,4,1018.1
,2017-05-24,15.8,27.7,0,2.6,8.4,W,15,09:34,18.4,91,3,WSW,7,1020.2,27.3,45,1,NW,7,1014.9
,2017-05-25,13.7,24.9,0.2,3.8,9.5,E,20,14:13,19.5,65,1,SW,6,1019.4,23.1,53,1,E,6,1017.2
,2017-05-26,14.8,25.0,0,3.6,9.6,NE,15,15:17,19.5,72,1,SW,6,1021.6,23.3,57,1,ENE,6,1017.9
,2017-05-27,13.5,24.6,0,3.2,8.6,NE,19,14:19,18.3,75,1,SW,6,1022.3,23.0,62,1,NE,7,1018.7
,2017-05-28,13.4,25.7,0,2.4,9.7,NNE,15,15:13,16.5,85,1,SSW,6,1019.6,24.3,60,3,NE,7,1015.9
,2017-05-29,13.5,26.4,0,3.0,10.0,W,20,14:20,19.3,72,1,SSE,4,1019.1,25.6,35,1,W,7,1017.3
,2017-05-30,13.0,25.1,0,5.8,8.4,WSW,17,09:34,17.5,54,2,SW,4,1023.1,24.5,43,2,WNW,4,1019.8
,2017-05-31,11.2,22.4,0,1.8,10.0,WSW,28,06:57,16.1,38,5,WSW,9,1023.2,22.3,26,2,WSW,6,1020.6
,2017-06-1,10.4,21.7,0,5.4,9.4,SSE,31,12:18,14.8,54,1,SW,7,1028.3,21.0,43,2,S,7,1025.6
,2017-06-2,11.2,22.8,0,4.0,9.9,WSW,22,09:58,16.3,53,1,SW,9,1029.1,22.1,39,1,S,7,1025.1
,2017-06-3,10.7,23.5,0,4.6,9.3,WSW,20,10:54,16.7,58,1,WSW,7,1026.5,22.8,45,1,SW,7,1022.8
,2017-06-4,11.8,23.8,0,4.0,8.6,S,17,11:28,17.2,63,1,SW,7,1025.0,23.2,45,2,SSE,6,1021.1
,2017-06-5,10.5,23.6,0.2,4.0,9.3,SSW,19,09:57,16.0,72,1,SW,6,1024.5,23.1,38,3,SSW,4,1020.3
,2017-06-6,10.8,22.6,0,2.4,9.4,W,28,15:16,17.4,64,2,SSW,2,1021.4,22.3,22,2,W,9,1016.5
,2017-06-7,9.7,20.2,0,5.6,10.0,SW,24,11:29,14.5,46,1,WSW,9,1018.9,19.9,28,1,W,7,1016.0
,2017-06-8,9.4,21.8,0,4.0,10.0,W,20,14:11,15.0,54,0,SW,7,1020.2,21.1,38,1,WSW,6,1017.7
,2017-06-9,10.9,23.2,0,3.2,6.7,W,19,11:51,17.4,58,1,SW,6,1021.6,22.0,52,6,SW,7,1019.5
,2017-06-10,15.2,22.9,0,2.2,8.2,SE,26,13:00,19.6,61,2,S,6,1024.3,21.0,61,4,SE,11,1022.0
,2017-06-11,15.3,21.1,18.8,4.2,2.4,SSW,17,04:06,16.0,94,8,SW,4,1023.7,20.2,87,4,WSW,6,1020.6
,2017-06-12,13.9,22.4,14.6,0.8,7.4,SW,24,22:42,17.8,83,4,WSW,6,1021.0,22.0,63,5,SSW,6,1017.1
,2017-06-13,14.3,18.9,6.0,3.8,0.0,SSE,39,16:11,15.9,90,8,SW,6,1019.1,17.0,90,8,S,9,1019.7
,2017-06-14,15.8,20.3,10.2,2.2,2.0,SSE,28,14:11,18.9,73,7,SSW,7,1023.2,18.8,92,8,SSE,7,1022.7
,2017-06-15,14.8,22.9,24.8,4.2,3.8,SE,35,12:39,17.6,75,6,SW,6,1025.1,21.7,62,7,SSE,9,1021.5
,2017-06-16,14.8,24.1,0,3.4,4.4,ESE,20,13:01,19.4,74,6,SW,4,1022.6,22.1,69,7,SE,7,1019.8
,2017-06-17,17.1,24.6,0,2.4,5.3,WSW,19,11:55,19.3,80,7,SW,4,1020.4,23.9,64,7,SSW,7,1016.8
,2017-06-18,13.9,23.6,0.2,2.6,10.1,WSW,26,13:31,18.8,70,1,SW,7,1020.1,22.6,48,1,S,11,1018.3
,2017-06-19,15.4,22.7,0,4.0,6.4,SW,28,09:59,19.3,62,1,SSW,9,1021.9,22.3,55,7,SSW,7,1020.3
,2017-06-20,15.8,21.0,0,4.4,5.1,SSW,24,12:55,17.9,66,7,SSW,7,1022.4,20.0,62,7,S,7,1020.7
,2017-06-21,12.2,23.4,0,4.0,9.2,WSW,20,11:21,17.2,61,1,SW,7,1023.4,23.3,44,4,SSW,6,1021.3
,2017-06-22,13.7,22.7,0,3.4,7.2,SE,20,11:53,17.8,62,2,SW,6,1026.0,20.5,55,3,ESE,4,1022.4
,2017-06-23,10.3,23.7,0,3.2,9.4,W,24,14:49,15.2,71,1,SW,6,1023.3,23.1,37,3,W,9,1018.4
,2017-06-24,10.4,24.5,0,3.4,8.9,S,17,10:55,14.3,75,7,S,2,1018.6,24.0,33,5,WNW,2,1015.4
,2017-06-25,11.0,24.2,0,2.2,9.8,ENE,20,14:25,15.9,68,6,SSW,2,1020.5,22.6,53,3,NNE,7,1017.3
,2017-06-26,12.2,25.1,0,2.6,9.5,ENE,19,15:47,16.2,74,2,SW,6,1021.5,24.8,40,2,SW,4,1019.3
,2017-06-27,12.4,22.1,0,3.0,4.9,E,15,13:01,15.5,74,7,SW,4,1025.4,20.5,71,7,NE,6,1023.3
,2017-06-28,13.4,23.9,0.2,2.0,9.2,ENE,19,12:41,17.7,78,7,S,4,1025.3,22.4,61,6,NNE,7,1022.2
,2017-06-29,13.8,24.5,0,3.2,8.6,NE,22,15:20,19.3,73,6,WSW,2,1021.9,23.2,60,4,NE,9,1017.5
,2017-06-30,15.6,23.0,5.0,5.0,8.3,W,24,09:21,17.1,78,4,W,9,1022.2,21.9,45,2,SSE,9,1019.7
,2017-07-1,10.0,20.4,0.2,2.8,9.9,SE,17,14:04,14.2,56,1,SW,4,1027.9,19.5,33,1,WSW,6,1025.4
,2017-07-2,7.6,,0,3.6,9.1,SW,17,09:53,12.4,69,1,SW,7,1027.7,21.4,44,1,N,4,1023.7
,2017-07-3,,,0,2.8,8.2,ENE,19,13:13,,,1,S,4,1024.6,20.4,61,7,NE,7,1019.6
,2017-07-4,,,0,1.8,8.7,NE,15,15:20,17.8,78,2,S,2,1020.9,,,2,ENE,7,1016.1
,2017-07-5,,26.4,0.2,2.8,8.4,SSW,17,16:38,17.2,72,0,SSE,2,1019.5,25.3,37,2,ENE,7,1014.2
,2017-07-6,12.2,23.6,6.6,3.2,9.6,W,22,09:09,18.6,57,1,WSW,7,1019.2,23.4,36,1,WNW,6,1015.6
,2017-07-7,11.9,16.4,4.8,4.2,0.0,WSW,17,07:14,13.5,90,8, ,Calm,1016.6,15.2,92,8,WSW,4,1013.6
,2017-07-8,8.7,,7.0,2.4,,,,,16.2,75,2,E,2,1019.0,21.5,30,2,WNW,11,1016.5
