,"Date","Minimum temperature (°C)","Maximum temperature (°C)","Rainfall (mm)","Evaporation (mm)","Sunshine (hours)","Direction of maximum wind gust ","Speed of maximum wind gust (km/h)","Time of maximum wind gust","9am Temperature (°C)","9am relative humidity (%)","9am cloud amount (oktas)","9am wind direction","9am wind speed (km/h)","9am MSL pressure (hPa)","3pm Temperature (°C)","3pm relative humidity (%)","3pm cloud amount (oktas)","3pm wind direction","3pm wind speed (km/h)","3pm MSL pressure (hPa)"
,2016-06-1,2.0,10.2,0.2,0.8,8.6,NW,35,05:45,3.3,91,1,NW,24,1032.5,10.0,63,1,N,9,1030.2
,2016-06-2,1.1,11.9,0.2,0.8,8.8,NNW,30,11:02,2.3,89,3,NNW,19,1031.5,11.5,52,3,NNW,11,1029.9
,2016-06-3,1.2,11.0,0,0.8,3.5,NNW,33,10:24,3.1,84,7,NW,20,1032.5,10.8,57,1,NNW,13,1029.7
,2016-06-4,2.0,16.1,0,0.6,0.9,NW,31,09:13,2.1,96,6,NW,19,1026.9,9.5,82,7,NNE,6,1022.6
,2016-06-5,2.1,17.0,15.4,1.6,0.0,NE,61,09:31,16.1,71,7,NNE,22,1012.3,15.4,89,7,N,11,1008.3
,2016-06-6,15.0,17.8,12.8,0.4,0.0,ENE,41,02:03,16.1,93,8,ENE,15,999.0,17.5,88,8,NE,17,997.9
,2016-06-7,14.0,15.5,23.2,0.4,0.0,SE,24,07:41,14.9,96,7,S,11,996.3,15.2,97,8,SSW,11,993.2
,2016-06-8,13.0,17.8,17.8,0.8,7.2,NW,65,13:24,15.0,67,1,NNW,22,995.4,16.3,58,7,NNW,33,995.1
,2016-06-9,11.7,14.7,0.4,1.4,2.6,NNW,41,00:14,12.2,81,7,S,7,993.5,13.2,73,3,SSW,20,995.8
,2016-06-10,9.7,11.8,0,2.0,1.8,NNW,56,02:48,10.1,66,5,N,20,1004.3,11.1,56,6,WNW,13,1006.2
,2016-06-11,4.2,9.6,10.6,1.6,4.8,W,78,05:41,5.6,71,7,SW,17,1011.0,6.8,61,6,ENE,7,1018.1
,2016-06-12,4.2,12.8,3.2,1.2,0.2,NW,69,05:24,8.7,65,7,NW,26,1027.8,12.2,61,7,NNW,33,1025.2
,2016-06-13,8.6,15.3,0,1.8,0.6,NNW,54,00:57,11.7,62,7,NNW,24,1027.3,14.8,57,7,NNW,15,1025.5
,2016-06-14,11.1,16.6,0,2.2,1.8,NW,63,10:12,13.8,47,6,NW,28,1020.4,12.3,54,3,SW,20,1025.2
,2016-06-15,3.4,13.4,0.2,0.2,8.4,NW,33,13:27,6.3,74,1,NNW,11,1028.8,13.0,48,1,NW,20,1023.9
,2016-06-16,6.1,14.1,0,1.8,2.4,NNW,59,05:18,11.0,62,7,NNW,24,1015.2,13.7,53,7,N,17,1009.5
,2016-06-17,9.6,12.8,0,1.0,1.2,NNW,28,02:53,11.6,77,6,ESE,2,1006.7,11.8,83,7,S,11,1008.8
,2016-06-18,4.1,13.4,0.8,1.2,7.7,NNW,33,10:58,6.4,78,5,WNW,11,1019.5,11.8,63,3,NNW,6,1020.6
,2016-06-19,5.0,12.5,0,0.8,8.0,NW,28,09:51,6.1,89,1,NNW,13,1023.1,12.2,61,1,NNW,11,1018.8
,2016-06-20,3.1,10.5,0,0.6,0.0,SSW,33,23:51,3.4,97,8,NNW,15,1011.6,6.1,83,8,NNW,11,1007.0
,2016-06-21,3.3,11.8,14.4,2.4,0.1,SW,50,12:51,9.2,84,8,SSW,20,993.1,11.1,64,7,WNW,7,987.7
,2016-06-22,9.0,13.9,3.4,1.0,3.7,W,74,16:29,10.4,75,3,N,24,984.4,10.3,66,3,WNW,24,988.0
,2016-06-23,6.8,10.8,8.6,2.8,0.5,N,56,00:58,9.9,66,7,NW,15,992.1,9.8,65,8,WSW,15,989.8
,2016-06-24,3.5,10.0,2.2,0.8,5.6,WSW,41,18:49,5.4,74,6,N,11,997.0,7.8,66,3, ,Calm,1001.0
,2016-06-25,3.3,11.9,0,0.6,7.7,SW,43,11:16,6.6,58,3,WSW,19,1016.7,10.9,55,3,NNW,13,1016.1
,2016-06-26,5.0,14.2,0,1.0,6.8,NNW,35,14:01,7.4,81,6,N,17,1014.8,13.1,52,6,NNW,15,1010.2
,2016-06-27,6.0,13.4,0.2,1.6,7.5,WNW,50,13:59,7.9,76,1,NW,9,1011.6,11.9,47,1,NW,26,1010.1
,2016-06-28,7.9,15.9,0,1.6,3.5,NW,56,04:35,12.1,70,7,NW,20,1012.9,15.2,55,5,NNW,13,1013.4
,2016-06-29,9.9,14.4,1.8,1.2,4.7,NNW,35,11:05,10.9,80,4,N,13,1019.9,13.7,63,7,NW,17,1017.7
,2016-06-30,8.4,13.5,0,1.4,0.3,NNW,48,14:57,10.9,66,7,NNE,15,1005.3,13.2,55,7,NNW,28,999.7
,2016-07-1,4.9,13.0,0,1.2,5.8,NW,52,12:20,7.7,77,3,NNW,15,1011.4,11.8,53,7,N,22,1011.5
,2016-07-2,7.7,14.3,0.2,2.2,4.4,NW,59,18:36,11.2,67,7,NNW,24,1013.8,13.8,52,7,NNW,24,1013.3
,2016-07-3,10.9,16.2,0,1.0,3.6,NNW,59,04:07,13.0,56,6,N,17,1010.9,14.8,50,7,NNW,26,1008.4
,2016-07-4,6.7,8.7,8.0,2.4,0.0,SSW,26,07:46,6.8,90,8,SSW,15,1016.4,8.3,83,8,SSE,11,1016.2
,2016-07-5,6.8,11.5,4.6,0.2,0.0,SSE,44,18:22,8.5,92,8,NNW,6,1019.6,10.7,91,8,SSE,20,1018.8
,2016-07-6,8.1,10.8,0.8,0.4,2.1,SSW,33,00:18,8.4,71,7,SSW,22,1023.7,9.9,74,7,SSW,19,1023.3
,2016-07-7,7.7,10.6,0,0.2,0.3,SW,24,00:14,8.5,66,7,SW,11,1027.6,9.8,59,7,ESE,7,1026.4
,2016-07-8,5.2,11.7,0,0.8,2.5,NNW,48,22:58,6.8,86,8,NNW,11,1027.1,9.8,84,7,ESE,9,1025.2
,2016-07-9,5.4,13.6,0.8,1.2,7.9,NW,26,10:08,7.5,88,3,NNW,15,1024.7,12.4,59,3,ENE,7,1023.3
,2016-07-10,4.2,13.4,0,0.2,7.5,N,46,16:40,4.9,97,3,NW,13,1022.7,12.5,60,5,N,19,1016.8
,2016-07-11,4.8,15.9,0,1.6,4.9,NW,81,16:04,12.3,62,1,N,19,996.5,14.6,47,7,N,41,988.0
,2016-07-12,8.4,12.0,0.2,2.8,3.3,WNW,102,22:19,10.6,72,6,NNE,15,988.1,10.3,58,7,NNW,41,977.1
,2016-07-13,2.4,11.4,14.4,3.4,5.5,W,113,18:25,4.7,50,2,W,20,996.6,7.4,48,6,W,39,1002.2
,2016-07-14,3.1,14.7,0.6,4.2,2.6,WNW,107,07:35,10.8,52,7,WNW,54,1005.3,13.4,51,7,WNW,46,1005.7
,2016-07-15,10.7,14.9,2.4,1.6,3.3,NW,78,18:53,13.7,59,6,NNW,22,1019.4,13.5,52,7,NW,13,1020.2
,2016-07-16,10.5,16.7,0,2.4,8.4,WNW,70,06:30,12.8,52,1,W,17,1026.0,15.7,47,1,NNW,22,1024.9
,2016-07-17,6.0,15.6,0,2.4,8.3,NW,54,12:33,8.6,65,1,NNW,20,1023.5,14.4,39,1,N,15,1018.6
,2016-07-18,8.6,14.8,0,2.8,1.4,NW,104,09:52,14.4,46,7,NW,54,1004.6,13.5,72,7,NW,30,1003.8
,2016-07-19,9.8,15.6,3.2,2.0,6.5,WNW,87,03:03,12.8,50,2,N,24,1011.1,14.1,44,3,NW,22,1012.6
,2016-07-20,10.1,15.9,0.2,1.8,8.7,NNW,43,04:08,11.5,65,1,NNW,20,1018.6,15.0,42,2,NW,20,1018.3
,2016-07-21,4.5,14.1,0,2.0,6.6,NNW,46,17:47,8.1,70,1,NW,13,1015.0,13.0,48,6,NNW,19,1008.2
,2016-07-22,8.0,15.9,10.6,3.0,6.1,NW,74,12:57,13.6,66,1,NNW,26,983.9,11.3,68,6,NW,28,978.2
,2016-07-23,3.7,7.7,7.6,3.8,3.8,WSW,65,08:27,4.7,67,7,WSW,15,987.2,4.8,66,7,SW,28,993.3
,2016-07-24,1.7,9.6,6.0,0.6,7.4,NNW,43,12:31,4.7,73,7,N,9,1005.1,8.8,57,7,NW,17,1002.7
,2016-07-25,2.8,12.1,0,1.0,5.8,NW,69,21:10,3.8,84,5,NNW,20,998.4,11.4,56,6,NNW,15,994.2
,2016-07-26,3.6,10.3,10.8,2.8,5.6,NW,72,23:16,5.1,72,3,NW,26,996.8,8.8,54,7,NW,22,998.5
,2016-07-27,4.3,13.9,3.0,2.4,4.0,NW,83,16:56,6.9,55,1,NNW,22,1003.5,9.8,46,7,NW,24,1001.7
,2016-07-28,6.4,15.9,2.6,2.6,8.4,,,,13.5,47,3,W,39,1005.9,15.0,41,4,NNW,13,1007.6
,2016-07-29,9.7,14.5,0.4,2.2,3.8,SW,85,16:52,11.3,60,4,N,13,1006.3,12.1,58,7,W,39,1005.1
,2016-07-30,1.7,10.8,1.0,1.8,8.3,N,33,14:27,4.8,70,1,NNW,9,1018.7,10.7,43,7,N,15,1012.2
,2016-07-31,4.8,14.3,1.8,2.8,8.0,WNW,46,17:33,10.4,61,6,NNW,17,1006.8,13.6,42,1,NW,20,1008.5
,2016-08-1,2.1,11.8,0,1.6,5.6,WSW,48,17:49,5.8,67,1,N,11,1008.2,11.2,64,7,S,6,1003.4
,2016-08-2,5.8,13.3,0,0.6,8.8,NNW,54,09:17,8.0,60,1,NNW,35,1014.8,13.1,48,3,SW,17,1015.2
,2016-08-3,8.0,12.5,0,1.4,3.7,S,44,10:37,9.3,68,7,SSW,17,1024.5,10.3,70,3,S,9,1026.4
,2016-08-4,4.5,11.2,2.8,1.6,5.0,NNW,17,09:08,6.4,91,3,NNE,4,1033.7,10.1,62,1,E,6,1032.7
,2016-08-5,3.5,11.9,0.2,1.0,5.0,NNW,20,08:57,5.6,81,7,NNW,15,1033.2,10.5,52,7,NE,6,1030.7
,2016-08-6,3.4,13.3,0.2,1.6,8.9,NNW,30,08:28,5.1,75,6,NNW,20,1030.3,11.9,46,3,N,15,1027.9
,2016-08-7,4.3,13.2,0,1.6,7.2,NW,28,06:24,5.7,80,7,NW,19,1028.9,12.6,48,7,NE,7,1026.2
,2016-08-8,3.6,13.2,0,0.8,6.3,WNW,50,01:52,5.9,75,6,NNW,24,1023.6,12.7,51,7,NNW,15,1019.0
,2016-08-9,5.6,16.3,0,1.6,5.9,N,76,14:46,9.2,75,6,N,9,1012.4,16.1,35,7,N,44,1003.0
,2016-08-10,8.9,14.4,1.4,3.6,8.8,NW,67,15:38,10.4,57,1,NNW,31,999.4,12.9,35,3,NW,41,999.0
,2016-08-11,5.8,12.2,0.2,2.8,5.7,SW,54,11:59,6.7,71,7,NNW,26,1005.0,11.4,53,5,NNW,6,1008.9
,2016-08-12,6.1,16.9,0.2,2.4,5.2,NW,65,13:24,10.5,61,7,N,30,1010.2,16.0,39,7,NNW,31,1005.4
,2016-08-13,8.5,15.1,0,2.8,7.4,W,87,21:00,10.1,68,7,NE,9,1009.5,13.8,61,7,NNW,24,1005.1
,2016-08-14,6.1,16.0,3.0,3.6,7.9,NW,65,04:12,9.5,51,1,N,28,1016.5,15.2,43,3,NNW,28,1015.0
,2016-08-15,9.5,15.6,0,5.2,6.5,N,52,02:10,11.9,63,6,N,15,1023.6,14.3,54,7,NW,20,1022.6
,2016-08-16,9.6,19.2,0,2.0,3.8,NNW,54,02:44,11.9,49,7,N,33,1018.8,19.2,34,7,NNW,19,1013.3
,2016-08-17,8.7,11.8,2.2,1.6,4.7,S,50,12:19,10.1,77,7,S,11,1019.1,10.2,64,6,S,22,1021.2
,2016-08-18,1.7,15.6,1.0,2.0,9.0,,,,4.4,76,3,NNW,13,1018.5,14.4,53,6,NW,15,1012.3
,2016-08-19,4.4,18.0,0.2,3.2,4.3,N,63,12:10,16.5,45,7,NNW,28,1003.9,15.5,60,7,N,28,998.5
,2016-08-20,6.4,11.8,0.8,3.6,0.3,NNW,54,16:09,8.0,66,7,NNW,13,1000.6,11.2,55,7,NNW,22,999.7
,2016-08-21,6.9,13.3,0,0.4,9.7,NW,52,13:49,10.2,53,3,N,20,1005.2,11.6,47,3,NW,30,1005.6
,2016-08-22,5.0,13.8,0.2,3.0,9.3,NW,39,13:28,8.5,55,2,N,11,1010.2,13.0,33,2,NNW,22,1009.3
,2016-08-23,3.0,13.8,0,1.4,8.9,SW,37,15:38,9.0,59,1,NW,17,1014.2,12.3,46,4,NE,13,1012.9
,2016-08-24,4.2,13.2,0,3.6,9.2,SW,33,15:58,8.4,65,1,NW,19,1013.3,11.5,44,4,SSW,17,1009.8
,2016-08-25,3.2,14.1,0,0.4,5.5,S,37,14:01,6.6,68,5,NNW,17,1011.4,9.6,74,7,SE,17,1011.7
,2016-08-26,4.2,15.4,0,0.8,9.4,NNW,70,21:04,10.1,57,1,NNW,30,1012.8,14.6,44,4,NNW,19,1011.1
,2016-08-27,9.2,14.9,0,3.6,3.8,NNW,69,01:42,12.1,54,6,N,24,1010.6,13.8,45,7,NW,31,1007.0
,2016-08-28,5.2,12.3,2.0,3.6,8.4,SW,56,03:20,8.6,43,5,SW,24,1015.9,11.7,38,5,NNW,7,1016.4
,2016-08-29,1.8,12.5,0.2,2.6,10.4,NW,26,07:50,7.2,61,1,NNW,15,1024.6,11.6,51,3,SE,15,1023.0
,2016-08-30,3.7,15.9,0,1.8,5.4,NW,33,08:36,7.9,71,7,NNW,20,1023.2,13.8,59,7,SE,9,1018.6
,2016-08-31,7.8,18.4,1.2,1.0,3.8,NNW,41,10:17,12.5,78,7,N,22,1008.6,17.0,54,7,SE,9,1005.6
,2016-09-1,9.7,16.0,1.2,1.8,9.8,NNW,44,07:09,11.5,79,3,NW,22,1011.8,15.4,34,2,WNW,22,1012.1
,2016-09-2,5.9,12.2,1.0,3.8,5.1,ESE,22,13:59,9.7,79,3,NNE,13,1016.0,11.5,54,7,ESE,17,1012.2
,2016-09-3,5.5,14.1,0,1.8,1.6,N,33,22:58,8.5,81,7,NNW,9,1005.6,12.8,73,7,NE,9,1002.8
,2016-09-4,8.3,17.1,0,3.4,10.0,NNW,67,12:35,13.3,59,2,NNW,28,1009.8,15.5,45,3,NNW,33,1010.5
,2016-09-5,11.3,19.6,0,3.6,8.9,NW,52,10:27,14.9,55,4,N,17,1020.2,18.6,37,6,NW,13,1020.3
,2016-09-6,11.4,19.2,0,4.2,7.8,NNW,67,01:45,14.3,50,7,NNW,24,1020.3,18.4,36,4,WNW,28,1021.7
,2016-09-7,4.9,18.5,0,4.0,9.8,NNE,39,16:40,10.5,66,6,N,13,1032.2,18.0,43,1,N,17,1027.5
,2016-09-8,10.1,22.5,0,3.0,7.2,NW,65,14:04,16.7,58,1,N,17,1019.8,20.0,42,7,NNW,28,1015.1
,2016-09-9,13.3,19.8,0.2,4.6,2.1,N,35,02:54,14.7,78,7,NNW,9,1012.7,19.3,56,7,NNE,11,1008.0
,2016-09-10,10.8,15.7,4.2,2.6,4.4,S,35,07:30,11.6,86,7,S,20,1010.3,13.1,67,4,ESE,15,1010.5
,2016-09-11,7.8,17.2,0.2,3.8,1.5,SW,43,22:25,11.9,59,6,N,17,1010.4,13.2,67,7,E,13,1010.7
,2016-09-12,3.6,11.6,0,1.4,6.9,S,31,14:23,9.1,56,1,NNW,15,1019.6,10.1,57,7,SW,19,1020.3
,2016-09-13,4.3,12.3,1.2,3.4,9.5,ESE,24,14:18,9.1,66,2,NNW,9,1027.0,11.9,53,2,ESE,17,1023.2
,2016-09-14,4.6,13.9,0,2.6,6.0,E,35,17:23,10.7,66,3,SE,4,1016.9,12.9,66,7,E,19,1011.7
,2016-09-15,9.5,12.8,22.2,0.4,0.0,SSW,61,09:56,9.5,93,8,SSW,30,1002.8,10.1,83,8,S,17,1003.6
,2016-09-16,6.3,16.1,12.6,2.6,8.4,NNW,39,11:48,12.6,48,3,NW,17,1011.9,15.9,42,5,WNW,19,1010.3
,2016-09-17,7.5,20.1,0,2.0,8.5,NNW,52,09:49,13.4,55,3,NNW,28,1013.9,18.9,36,7,NW,19,1011.3
,2016-09-18,9.8,12.9,2.6,3.2,0.3,NNW,22,02:25,11.0,99,8,W,4,1009.2,12.3,100,7,SE,2,1005.7
,2016-09-19,5.7,14.9,8.0,1.2,6.1,ESE,26,16:05,10.6,99,4,NNW,15,1007.5,13.6,71,5,SE,13,1007.4
,2016-09-20,6.5,17.8,0,2.0,6.9,NNW,30,05:28,8.7,73,7,NNW,6,1013.0,17.2,36,2,NE,11,1010.4
,2016-09-21,8.7,15.1,0.2,1.8,1.3,SE,22,15:36,12.2,73,7, ,Calm,1013.9,14.6,62,7,ESE,9,1011.5
,2016-09-22,7.8,15.6,0,3.4,6.3,SE,28,15:38,13.9,70,7,NNE,7,1015.5,14.1,70,6,ESE,15,1015.0
,2016-09-23,10.2,15.8,0,1.2,5.5,SSE,22,16:17,13.9,69,7,ENE,11,1017.7,15.0,61,6,SE,15,1014.2
,2016-09-24,8.5,19.5,0,2.4,7.8,NE,37,16:24,14.1,61,6,NNW,20,1010.3,18.3,49,7,NNW,19,1005.1
,2016-09-25,10.3,17.3,0,3.0,6.4,WSW,41,13:58,13.3,54,7,SW,11,1003.0,16.0,30,4,SSW,15,1005.0
,2016-09-26,4.9,16.8,0,3.2,10.0,SE,30,15:42,11.7,56,7,NNW,13,1010.7,14.8,44,6,E,17,1007.3
,2016-09-27,5.0,17.7,1.0,2.8,10.9,ESE,31,14:46,10.5,70,3,NNW,20,1008.2,15.3,48,2,ESE,19,1006.1
,2016-09-28,7.6,15.8,0.2,2.8,9.8,NE,33,18:19,13.8,46,1,NNW,19,1009.8,14.8,48,2,ESE,24,1006.2
,2016-09-29,8.2,15.2,0.4,2.8,0.0,ENE,54,13:16,13.7,81,8,NNE,11,997.8,14.2,77,8,ENE,28,994.1
,2016-09-30,11.3,13.8,39.0,4.6,2.5,E,56,04:24,12.6,93,8,ESE,37,989.5,12.0,80,5,NNW,24,987.4
,2016-10-1,6.7,17.8,8.8,2.8,3.3,N,41,13:13,8.9,92,7,NNW,11,993.6,16.5,56,3,N,15,991.1
,2016-10-2,8.9,18.4,1.0,2.0,4.0,N,48,18:44,14.1,55,5,NNW,19,1002.9,17.0,47,7,NNW,11,999.0
,2016-10-3,12.7,17.1,4.6,2.8,7.3,WNW,61,15:27,13.9,78,8,NNE,13,982.9,16.7,38,3,NW,31,983.2
,2016-10-4,8.8,15.8,1.0,5.0,7.2,NW,67,11:01,12.3,48,3,N,22,984.6,12.9,51,7,WSW,24,987.1
,2016-10-5,5.7,14.9,1.8,3.8,6.8,W,104,21:59,9.3,65,7,NNE,19,998.3,10.0,84,7,WNW,26,990.8
,2016-10-6,9.1,19.3,7.2,6.6,9.4,W,94,23:47,13.4,47,3,NE,20,1005.2,17.2,44,7,NW,24,1005.3
,2016-10-7,11.0,18.6,0,5.0,10.9,NW,69,04:10,17.9,53,4,WNW,26,1000.0,17.2,26,1,W,28,1004.4
,2016-10-8,8.1,17.7,0,6.8,10.9,W,48,09:22,10.6,50,3,SW,22,1017.2,17.5,32,2,SW,17,1017.5
,2016-10-9,7.4,18.9,0,4.6,0.7,NNW,106,16:00,11.5,47,8,NNW,30,1005.1,18.2,44,7,NNW,43,992.4
,2016-10-10,7.3,13.1,9.4,4.8,9.0,WNW,80,11:59,7.7,79,7,NW,24,993.6,12.7,45,4,WNW,28,994.2
,2016-10-11,4.6,14.3,4.0,3.2,6.9,NW,57,18:55,10.2,39,1,NNW,22,1004.7,11.4,46,6,ENE,7,1005.8
,2016-10-12,7.5,11.1,1.6,3.0,6.5,S,61,15:57,8.7,66,7,SSW,11,1009.6,8.3,58,4,SW,24,1013.6
,2016-10-13,3.7,15.7,5.2,4.0,7.3,SSW,35,15:38,9.6,57,1,NNW,19,1022.4,15.3,41,7,SW,17,1020.9
,2016-10-14,7.0,16.8,0,3.8,6.9,NNW,37,11:40,10.3,60,7,NNW,17,1022.2,15.6,46,1,NW,17,1017.8
,2016-10-15,8.2,26.1,0,2.4,5.1,NW,80,20:31,15.2,44,6,NNW,33,1006.9,24.9,22,7,NW,37,1001.0
,2016-10-16,14.0,17.9,0.6,6.2,0.0,NW,78,01:51,15.2,78,8,NW,17,994.8,13.4,91,8, ,Calm,993.1
,2016-10-17,7.7,16.3,7.2,3.2,9.0,NNW,67,14:33,12.4,60,1,NNW,20,997.6,15.3,35,7,NW,31,997.4
,2016-10-18,7.3,15.7,0,6.4,9.7,NW,57,11:02,9.6,69,7,NW,15,999.9,14.1,42,4,NW,28,999.0
,2016-10-19,4.9,15.4,0.8,4.6,11.4,NW,59,13:10,8.4,57,2,NNW,28,1011.5,13.8,42,6,NW,24,1013.7
,2016-10-20,5.3,18.0,0.4,2.2,5.9,NNW,59,11:10,10.1,55,7,N,19,1015.3,17.3,34,7,NNW,28,1011.1
,2016-10-21,10.1,15.2,1.0,3.4,0.4,NNW,76,04:05,15.2,66,8,NW,30,1000.7,15.0,45,7,WNW,13,1005.8
,2016-10-22,6.4,12.9,17.2,7.2,7.0,SSW,65,15:30,9.0,73,7,SSW,30,1017.2,10.5,57,4,SSE,33,1019.2
,2016-10-23,5.9,12.8,11.0,4.6,7.2,SSW,50,09:31,8.8,61,6,SSW,9,1024.7,11.0,57,7,SSW,20,1023.0
,2016-10-24,8.1,13.6,0.2,3.2,9.7,SW,33,04:47,12.3,57,3,NNE,9,1019.9,12.4,65,5,ESE,20,1016.1
,2016-10-25,9.3,21.2,0,8.0,12.4,NW,39,08:27,12.8,51,5,N,20,1011.5,20.7,34,2,N,13,1007.3
,2016-10-26,12.4,21.1,0,6.8,12.5,NW,54,08:40,17.1,45,2,NW,28,1004.7,20.0,31,3,NW,19,1004.8
,2016-10-27,7.8,16.8,0.4,4.2,9.7,SSW,44,06:14,11.7,47,1,SW,24,1017.5,13.3,49,2,E,20,1018.1
,2016-10-28,5.9,19.7,0,3.0,9.4,NW,41,10:28,9.8,63,7,NW,17,1019.1,16.8,42,4,ESE,19,1016.0
,2016-10-29,5.9,20.3,0,3.6,12.6,N,37,19:44,12.4,55,2,NNW,22,1019.7,18.1,48,6,ESE,19,1014.7
,2016-10-30,12.4,25.8,0,3.0,6.8,WNW,93,16:08,17.4,68,7,N,24,993.8,24.4,27,3,NW,44,984.2
,2016-10-31,6.7,15.1,0,7.8,9.3,WNW,65,23:58,9.6,53,2,N,28,1000.9,13.0,97,7,WNW,31,1003.1
,2016-11-1,8.6,16.1,0.6,4.0,12.1,WNW,76,20:01,12.5,56,3,NW,22,999.7,15.0,28,2,WNW,35,999.0
,2016-11-2,6.1,17.3,5.4,7.0,4.9,NW,65,04:27,11.0,53,5,NE,13,1004.5,15.7,60,7,WNW,24,1004.8
,2016-11-3,11.0,18.8,0.2,2.8,5.0,NW,54,11:00,15.5,56,7,NW,26,1010.2,17.2,48,8,NW,22,1009.4
,2016-11-4,11.5,24.5,0,4.6,10.6,WNW,89,18:14,14.8,45,1,N,28,1001.5,23.1,23,6,NW,43,991.0
,2016-11-5,7.2,14.7,7.8,7.4,6.1,WSW,76,14:42,11.6,50,6,ENE,9,994.0,12.0,52,6,WSW,26,996.1
,2016-11-6,8.0,17.1,0.2,3.4,5.0,WNW,50,15:51,10.9,69,7, ,Calm,1000.2,13.4,64,7,SSE,11,999.9
,2016-11-7,10.8,17.9,0.2,3.6,4.1,NNW,72,09:01,14.2,45,8,NNW,43,994.0,16.8,46,8,NNW,22,994.1
,2016-11-8,9.3,17.9,0,5.2,10.6,W,67,09:22,13.5,45,7,NW,30,1000.9,17.8,26,4,WNW,20,1005.4
,2016-11-9,6.6,16.9,0.2,4.2,11.5,SE,37,16:07,12.8,47,2,ESE,7,1012.8,15.7,43,7,ESE,15,1009.7
,2016-11-10,6.7,15.2,0,4.8,5.6,SE,30,15:29,13.7,53,5,N,7,1011.6,13.6,60,7,SSE,19,1011.4
,2016-11-11,9.7,17.3,0,3.6,6.0,SE,30,13:49,11.7,75,7,NW,7,1013.3,15.9,60,3,SE,22,1010.4
,2016-11-12,11.7,15.6,4.0,3.8,1.8,ESE,43,21:50,14.1,77,7,NE,7,1006.7,13.9,72,7,ENE,24,1003.5
,2016-11-13,10.5,11.8,12.4,4.4,0.0,S,46,10:25,10.5,87,8,SSE,24,998.8,11.0,91,8,SSE,24,999.1
,2016-11-14,8.8,14.7,14.4,0.8,2.9,SSW,35,08:27,11.5,63,7,SSW,19,1007.6,12.6,69,7,SE,20,1008.6
,2016-11-15,9.7,19.3,0.4,2.4,8.0,WSW,69,16:27,14.7,62,7,NNW,20,1008.5,17.9,50,6,SW,30,1008.4
,2016-11-16,12.4,18.2,0.2,5.6,7.2,SW,39,00:41,13.0,76,7,SE,20,1019.8,15.8,67,1,SE,20,1020.7
,2016-11-17,10.1,29.6,0,4.0,11.5,NW,69,19:39,18.2,60,4,NNW,24,1014.4,28.0,18,6,NNW,26,1006.6
,2016-11-18,12.3,21.5,0,8.8,12.1,WNW,59,23:18,15.1,41,1,NNW,19,1009.9,20.2,26,1,NW,35,1008.9
,2016-11-19,12.3,23.3,0,9.2,11.7,NNW,46,10:21,16.5,51,3,NNE,13,1015.4,22.8,35,4,NW,19,1014.1
,2016-11-20,11.4,24.4,0,6.6,12.1,SE,37,15:12,15.6,55,7,NNW,15,1015.8,23.1,38,2,SE,19,1013.2
,2016-11-21,13.3,28.5,0,5.0,4.0,NNW,59,21:45,15.8,74,7,NW,24,1008.9,26.3,51,7,N,13,1004.7
,2016-11-22,15.0,18.9,0.8,6.6,7.9,NNW,57,01:26,16.3,40,7,SE,11,1010.2,17.0,48,6,SE,20,1011.9
,2016-11-23,9.5,13.5,15.8,5.6,0.8,SSE,43,16:55,10.6,82,8,S,20,1016.6,12.5,69,8,S,26,1016.5
,2016-11-24,6.1,15.2,1.2,2.4,10.4,SE,37,15:18,12.1,57,6,NE,13,1015.6,13.6,54,2,SE,24,1009.7
,2016-11-25,8.3,15.9,0,4.2,9.9,WSW,72,15:59,12.3,47,7,WSW,35,1006.6,15.3,39,7,WSW,35,1008.8
,2016-11-26,11.9,18.7,0.2,5.8,7.5,WNW,57,03:39,13.1,57,6,NNW,28,1009.2,17.1,49,7,N,9,1009.8
,2016-11-27,11.4,20.3,0,2.4,12.9,SE,31,14:44,16.8,56,2,NNW,15,1015.8,18.6,55,3,SE,17,1013.8
,2016-11-28,10.4,18.2,0,6.6,9.1,SE,39,13:06,14.8,51,4,E,11,1011.8,15.2,59,7,ESE,19,1010.3
,2016-11-29,8.6,17.4,0.8,5.0,5.7,SE,30,11:27,15.0,63,7,NE,11,1014.5,15.7,65,5,SE,20,1014.2
,2016-11-30,12.7,18.7,0.4,5.2,5.4,SW,33,19:15,15.2,78,7,SE,9,1012.9,17.8,59,7,SSE,19,1010.7
,2016-12-1,13.6,21.4,3.8,4.6,4.2,ENE,33,14:48,16.7,78,7,NW,11,1008.9,20.6,67,7,ESE,20,1004.4
,2016-12-2,13.3,20.9,0.6,4.0,10.7,NW,56,09:38,15.7,56,7,NW,26,1003.5,20.4,24,3,NW,31,1005.6
,2016-12-3,10.2,18.2,0.2,6.0,7.1,SE,39,15:10,14.7,50,7,NNW,13,1013.3,17.4,41,7,SE,19,1012.8
,2016-12-4,8.6,25.0,0,4.6,9.9,N,44,17:38,15.2,59,7,NNW,19,1012.3,24.4,30,7,NE,13,1006.2
,2016-12-5,15.2,22.0,6.6,7.8,12.0,NW,69,01:39,17.9,42,1,NW,30,1001.7,21.4,32,1,NW,28,1006.1
,2016-12-6,11.1,18.7,0,8.8,5.6,NNW,37,20:43,12.2,68,8,E,13,1011.1,17.7,42,5,NNW,9,1008.4
,2016-12-7,12.2,24.8,0,2.8,11.3,NNW,43,00:38,16.7,50,6,N,20,1010.7,24.3,33,4,WNW,20,1008.2
,2016-12-8,11.8,24.0,1.2,5.8,6.4,NNW,83,16:24,13.2,83,8,WNW,6,993.2,23.9,39,1,NNW,35,981.9
,2016-12-9,8.2,16.8,1.6,7.2,10.6,W,69,13:06,11.2,50,4,SSW,22,1006.1,14.7,40,4,SW,30,1009.9
,2016-12-10,9.8,18.9,0,8.0,2.4,NNW,57,11:03,16.8,50,7,NNW,20,1015.9,16.4,48,7,NW,30,1016.3
,2016-12-11,11.3,17.3,0,3.6,10.2,SE,35,15:41,13.5,71,4,E,15,1022.8,16.2,52,2,SE,22,1022.3
,2016-12-12,10.0,28.2,0,4.4,11.6,SSW,65,14:42,17.3,52,2,N,17,1018.7,27.1,24,7,NW,24,1010.5
,2016-12-13,14.6,30.2,0,8.4,5.5,NW,91,14:28,19.9,32,8,NNW,20,1002.8,30.2,18,7,WNW,28,996.5
,2016-12-14,12.1,16.9,0,8.6,10.3,WSW,94,15:57,13.6,38,1,WSW,31,999.5,15.3,28,1,W,48,1003.2
,2016-12-15,10.0,19.9,0,7.8,11.7,NW,35,23:37,14.1,37,3,E,13,1015.9,18.5,38,2,ESE,15,1015.3
,2016-12-16,9.1,21.4,0,4.0,12.8,SW,35,16:22,14.8,61,0,E,7,1013.2,19.4,50,1,SE,26,1007.5
,2016-12-17,12.9,21.0,0,8.2,8.1,W,85,17:11,16.6,61,6,NNW,22,997.1,13.1,55,7,W,30,998.6
,2016-12-18,6.4,18.2,1.0,4.6,11.1,WSW,54,09:27,10.8,48,4,WNW,26,1016.5,16.5,33,3,SW,26,1019.1
,2016-12-19,7.4,24.0,0,7.0,5.5,NNW,63,15:30,13.3,53,7,NNW,26,1013.8,22.3,27,7,NNW,24,1005.6
,2016-12-20,13.3,22.0,0,5.0,7.8,NW,57,23:09,16.9,39,5,NW,26,1000.3,20.1,30,6,NW,28,999.2
,2016-12-21,10.9,19.5,0,4.4,9.0,WSW,80,01:41,14.4,37,5,W,22,1006.7,17.7,30,2,WSW,19,1009.3
,2016-12-22,12.6,21.8,0,8.4,12.7,NNW,46,07:41,18.0,50,4,NNW,13,1017.2,18.7,60,2,SE,26,1016.6
,2016-12-23,12.0,25.5,0,6.4,10.0,ESE,39,13:56,19.5,58,6,N,20,1015.7,17.2,73,7,ESE,30,1014.2
,2016-12-24,14.2,23.9,0,6.4,13.6,SE,33,11:58,18.0,72,1,ENE,7,1015.1,19.9,69,1,ESE,20,1013.8
,2016-12-25,15.7,26.5,0,6.8,13.0,ESE,39,14:12,23.3,60,3,NNW,15,1013.9,19.4,76,2,ESE,24,1012.0
,2016-12-26,17.6,23.6,0,7.2,5.5,SW,48,19:45,20.8,59,7,S,11,1003.7,22.8,48,3,SW,24,1007.2
,2016-12-27,11.2,22.8,0.8,5.6,6.3,NE,31,14:08,15.1,61,7,NNE,6,1020.1,22.2,45,3,NE,19,1016.4
,2016-12-28,14.7,18.0,7.2,5.2,0.0,NNE,26,23:17,16.2,94,8,ENE,2,1008.7,17.4,92,8,SSE,6,1005.7
,2016-12-29,16.0,20.0,12.6,1.4,0.9,SE,24,05:50,16.8,96,8,SE,9,1006.9,18.0,89,8,SE,15,1005.4
,2016-12-30,16.6,25.5,20.8,1.8,7.1,SE,41,16:29,20.0,81,7,S,11,997.2,22.9,72,6,SSW,20,993.4
,2016-12-31,16.3,24.6,0.2,5.2,,NW,43,23:18,17.1,66,7,WNW,15,999.9,22.7,49,6,ESE,9,1000.4
,2017-01-1,14.6,18.4,1.4,3.8,,SSW,44,18:14,15.6,89,8,ESE,9,1005.2,17.3,90,7,SSW,9,1003.8
,2017-01-2,14.3,19.6,34.8,20.2,8.6,SW,48,00:31,18.4,61,5,NE,6,1013.1,17.0,67,5,ESE,26,1014.9
,2017-01-3,10.0,20.8,0.2,4.4,6.5,SSE,44,16:20,15.4,61,6,NW,20,1021.4,16.1,73,4,SE,26,1021.7
,2017-01-4,12.4,24.1,0,5.2,10.1,S,35,18:46,15.9,64,7,NNW,13,1024.0,21.0,60,4,ESE,22,1020.7
,2017-01-5,14.9,20.9,0,6.8,7.1,SSE,39,16:27,19.0,66,7,SE,13,1021.1,18.5,66,5,SE,22,1019.8
,2017-01-6,14.6,23.0,0,6.6,9.2,ESE,31,14:26,17.9,68,7,NNW,17,1021.3,21.5,64,1,ESE,19,1019.1
,2017-01-7,15.4,27.4,0,5.6,11.8,SE,35,13:10,22.4,63,0,NNW,17,1015.5,25.8,50,1,SE,17,1011.5
,2017-01-8,20.3,31.3,0.4,8.2,12.1,NW,65,19:49,23.9,47,5,N,9,999.2,28.7,25,1,NNW,30,998.8
,2017-01-9,13.7,24.5,0,10.6,9.1,NNW,46,23:06,18.8,51,1,NNW,24,1009.5,20.5,59,1,SE,28,1008.1
,2017-01-10,14.2,24.4,0,7.6,2.9,WNW,48,10:48,17.1,51,6,NNW,22,1007.5,23.1,39,7,WNW,19,1004.9
,2017-01-11,16.1,22.1,0,5.2,11.2,NW,76,04:30,16.8,29,7,S,20,1001.6,21.0,31,3,NW,28,1001.9
,2017-01-12,13.5,23.9,0,9.8,9.4,NNW,43,00:11,15.9,52,6,N,20,1007.3,23.3,39,1,NW,20,1006.4
,2017-01-13,14.9,26.7,0,7.2,6.6,NW,74,14:09,18.2,66,8,NW,17,994.0,25.6,45,5,NW,41,983.3
,2017-01-14,12.1,19.6,2.6,8.4,9.6,NW,87,06:49,16.6,52,7,NW,24,989.6,18.6,43,6,SW,22,995.6
,2017-01-15,11.7,20.7,0.2,8.2,10.0,NW,57,20:24,14.9,48,4,NW,19,1011.8,20.4,40,2,NW,30,1011.7
,2017-01-16,13.7,24.3,0,7.2,13.4,NNW,52,23:46,17.2,51,3,NNW,28,1010.7,22.2,42,1,ESE,19,1007.9
,2017-01-17,12.7,24.1,0,10.8,7.6,N,44,00:12,19.1,50,3,N,13,1005.1,19.7,51,7,SE,28,1002.4
,2017-01-18,13.5,19.6,0,7.0,11.4,WSW,96,03:55,15.5,43,2,WSW,20,1006.0,17.0,35,4,SW,15,1011.2
,2017-01-19,9.1,17.6,0,9.2,11.2,WSW,35,00:56,14.0,42,1,S,20,1018.0,16.2,43,3,SE,20,1014.2
,2017-01-20,11.6,15.8,8.8,7.4,1.3,SSW,44,21:27,12.0,92,8,SSW,24,999.3,12.2,91,8,ESE,2,998.6
,2017-01-21,10.4,22.5,9.8,1.2,8.0,NW,46,08:54,15.0,100,7,NW,26,1009.0,21.1,97,7,WSW,6,1010.5
,2017-01-22,11.7,23.9,0,6.2,11.9,NW,39,08:34,19.2,98,1,N,17,1013.6,21.5,98,1,ESE,26,1011.7
,2017-01-23,16.0,26.1,0,8.0,11.3,SE,33,13:54,18.8,72,2,NNW,13,1008.3,24.9,48,3,SE,26,1001.6
,2017-01-24,16.3,21.1,0.4,5.2,12.0,W,93,10:23,17.0,43,6,W,28,999.2,20.0,27,2,WSW,26,1007.2
,2017-01-25,12.8,24.9,0.2,7.8,11.5,NW,65,22:16,17.1,46,1,NW,30,1015.0,23.5,38,6,NW,30,1012.4
,2017-01-26,15.3,23.5,0,11.4,12.8,NW,69,11:34,18.8,48,2,NNW,26,1011.8,22.1,41,3,NW,26,1011.3
,2017-01-27,12.9,27.9,0,10.6,11.7,NNW,46,12:31,19.3,49,1,NNW,19,1013.6,27.2,31,1,NNW,17,1010.6
,2017-01-28,14.1,25.7,0,7.8,12.0,NW,63,03:59,18.1,58,5,N,17,1007.5,25.0,37,6,NW,31,1008.8
,2017-01-29,9.7,22.8,0,7.8,12.4,NNE,43,06:50,15.4,54,6,N,9,1018.6,20.9,49,1,SSE,22,1014.7
,2017-01-30,15.4,25.2,0,6.0,5.7,NW,57,11:36,17.5,56,8,NNW,13,1000.3,24.6,47,6,WNW,26,995.8
,2017-01-31,11.7,21.7,1.2,6.8,11.6,WSW,57,12:47,16.1,51,6,NW,30,1005.0,20.8,23,3,W,20,1007.3
,2017-02-1,11.1,20.7,0,7.4,3.1,NNW,46,13:05,14.0,53,7,NW,24,1012.9,17.8,41,7,NW,13,1010.1
,2017-02-2,13.1,21.3,0,5.8,10.1,NW,63,12:48,16.0,53,6,NNW,22,1005.4,20.5,30,3,NW,30,1007.0
,2017-02-3,13.5,23.9,0.2,7.2,9.0,WNW,54,13:28,15.1,64,7,NNW,22,1007.2,23.1,42,7,NW,26,1007.1
,2017-02-4,15.1,27.8,0,9.8,11.9,NNW,46,07:03,18.4,47,5,NNW,26,1006.4,26.2,28,3,NNW,19,1004.3
,2017-02-5,15.3,26.5,0,8.0,1.2,NW,50,08:58,17.0,56,7,NNW,31,1003.5,23.0,47,7,NNW,9,1001.2
,2017-02-6,9.9,19.6,2.2,4.8,12.6,SSW,46,01:52,14.7,39,2,SW,15,1014.8,18.2,26,4,S,19,1016.1
,2017-02-7,12.1,19.2,0.2,6.8,8.0,SSE,31,17:48,13.7,49,7,SSE,7,1028.2,18.6,43,1,SE,20,1027.9
,2017-02-8,13.4,25.2,0,6.2,8.2,NNW,59,16:57,16.6,55,7,NNW,19,1027.4,22.7,50,7,NNE,22,1018.8
,2017-02-9,16.6,24.6,0,6.8,5.7,SW,61,08:02,20.5,73,7,SW,37,1003.9,20.2,56,7,SSW,19,1008.9
,2017-02-10,13.7,25.7,0,4.0,8.6,SE,43,14:57,16.3,60,7,NNE,9,1012.0,22.7,41,7,ESE,17,1008.0
,2017-02-11,14.3,23.0,0,7.4,1.3,WNW,65,13:20,17.4,35,6,WNW,11,1002.0,22.3,36,7,WNW,35,1000.2
,2017-02-12,11.9,18.6,0,6.8,8.6,W,76,22:18,14.3,41,4,NNW,11,997.5,16.9,32,6,W,31,994.3
,2017-02-13,9.8,17.2,3.0,5.8,11.7,W,80,23:55,12.9,52,5,SW,28,999.3,15.0,46,3,W,20,1004.7
,2017-02-14,9.8,22.6,1.2,5.8,9.6,SW,37,08:55,13.6,52,7,WSW,11,1016.5,20.5,39,2,NNW,13,1015.8
,2017-02-15,9.8,27.7,0,4.6,8.8,NW,69,17:25,15.3,58,7,NNW,28,1009.0,27.1,15,4,NNW,37,999.8
,2017-02-16,9.9,23.6,0,9.2,12.5,WNW,48,23:12,15.3,46,1,NNW,19,1009.3,22.5,29,2,NE,19,1006.5
,2017-02-17,11.5,24.5,0,7.6,6.1,WNW,50,15:18,14.5,52,7,N,9,1003.2,22.3,34,6,NW,26,1000.1
,2017-02-18,10.1,20.2,0,6.0,11.4,NW,44,15:41,13.0,50,1,NNW,20,1006.3,16.9,37,7,W,19,1005.1
,2017-02-19,10.1,17.3,0,5.6,5.8,NW,31,20:32,12.3,56,6,NNW,15,1003.3,15.6,44,6,SE,13,1003.8
,2017-02-20,8.7,18.1,0.6,4.4,3.1,SSW,50,13:30,10.2,82,7,NNW,15,1008.0,13.8,84,7,S,28,1008.3
,2017-02-21,9.9,21.0,3.0,1.4,12.0,ESE,35,16:11,14.4,60,3,NNE,9,1017.3,20.5,33,1,NE,13,1016.7
,2017-02-22,10.3,28.1,0,5.0,11.1,NNW,46,18:53,12.5,77,7,NNW,24,1016.3,25.9,29,7,NE,22,1011.5
,2017-02-23,12.5,27.7,0,7.4,11.8,NNW,46,09:49,21.4,43,2,NW,22,1008.6,27.0,32,3,NW,30,1011.0
,2017-02-24,13.4,21.2,0,9.0,6.9,SW,59,14:55,16.3,51,7,E,9,1020.6,19.8,41,6,SE,11,1020.1
,2017-02-25,8.5,18.0,0,4.4,11.7,WSW,37,23:25,13.0,54,1,NW,17,1027.5,17.2,44,1,SE,20,1026.1
,2017-02-26,9.7,24.1,0,4.0,11.5,SE,33,14:08,13.7,62,3,NNW,17,1026.1,21.3,45,4,ESE,20,1024.1
,2017-02-27,12.0,26.6,0,6.6,12.4,NNW,33,07:31,15.1,69,1,NNW,22,1026.3,25.5,29,1,ESE,11,1023.2
,2017-02-28,14.2,26.6,0,7.8,11.8,NNW,33,08:04,18.4,57,1,NNW,20,1023.1,26.2,32,2,SE,17,1021.1
,2017-03-1,14.1,24.4,0,7.2,10.0,SE,26,15:06,18.0,73,5,NE,4,1023.9,23.6,55,4,SE,17,1021.6
,2017-03-2,17.1,23.6,0,5.2,8.9,SE,41,14:12,18.1,87,6,SE,7,1020.7,19.5,78,6,SE,24,1020.1
,2017-03-3,13.6,18.8,0,6.2,8.7,SSW,30,23:26,14.6,62,3,SSE,7,1026.8,17.8,52,1,SE,19,1026.0
,2017-03-4,9.6,23.1,0,5.0,12.0,SE,37,16:09,14.6,69,1,NNW,11,1022.2,22.2,34,1,SE,22,1018.1
,2017-03-5,13.0,20.8,0,5.4,5.9,SE,37,16:59,15.7,80,8,S,4,1018.7,20.3,57,3,ESE,15,1017.5
,2017-03-6,13.0,18.2,0,5.0,4.0,SE,39,14:50,15.3,61,5,SSW,17,1022.2,16.8,63,7,SE,28,1022.3
,2017-03-7,12.2,21.5,1.2,4.0,7.6,NW,28,09:06,14.0,70,7,NW,15,1026.6,19.4,48,1,ESE,17,1024.2
,2017-03-8,8.9,21.8,0,4.0,11.1,SE,28,15:35,12.8,70,1,NNW,17,1024.2,21.3,43,4,SE,17,1021.1
,2017-03-9,11.9,23.2,0,7.2,9.6,NW,35,08:43,15.6,63,1,NW,20,1019.3,21.9,43,7,SE,20,1017.1
,2017-03-10,13.1,23.7,0,4.8,9.1,SE,46,13:32,16.7,67,2,NNW,11,1017.5,20.0,66,1,SSE,24,1015.5
,2017-03-11,14.9,20.9,0.8,5.8,3.7,SSW,37,12:29,15.4,88,7,ESE,7,1014.2,18.3,71,3,SSW,26,1011.7
,2017-03-12,14.7,20.4,8.8,3.0,2.5,SE,19,15:23,15.8,94,8, ,Calm,1007.2,19.1,72,7,SE,9,1005.7
,2017-03-13,14.4,22.6,1.6,2.0,8.2,ESE,28,13:26,17.2,84,8,NW,13,1015.8,21.7,62,2,SE,19,1018.1
,2017-03-14,16.9,32.1,0,4.2,10.4,NNW,56,17:19,19.3,76,1,N,15,1022.9,26.4,52,1,SE,11,1019.1
,2017-03-15,19.1,31.7,0,8.8,8.2,N,52,13:06,20.7,52,7,NW,19,1018.0,30.5,27,7,N,30,1012.9
,2017-03-16,20.7,25.2,0,8.2,4.3,W,56,12:39,22.6,69,7,N,11,1002.5,23.5,33,3,WNW,33,1004.6
,2017-03-17,9.5,20.0,2.4,5.0,10.8,WSW,37,23:28,13.4,56,1,NNW,13,1025.9,18.0,43,1,SE,19,1028.1
,2017-03-18,9.8,26.6,0,6.0,10.3,N,37,22:25,13.5,69,1,NW,13,1030.9,25.5,27,1,NE,13,1026.4
,2017-03-19,13.5,31.7,0,6.0,11.3,NNW,56,08:14,18.2,48,0,NNW,31,1018.3,30.6,18,1,NNW,17,1014.1
,2017-03-20,13.4,18.9,0,7.0,2.6,S,48,10:06,17.1,76,5,NNW,9,1018.5,17.3,58,7,S,20,1020.1
,2017-03-21,13.6,16.5,0.6,2.0,0.0,SE,22,21:44,14.7,91,8,SW,7,1020.1,16.3,89,8,SE,13,1018.2
,2017-03-22,12.4,15.8,10.2,0.6,1.9,SSE,33,04:38,12.9,87,8,SSW,17,1022.3,15.3,61,7,SSE,15,1023.1
,2017-03-23,11.7,17.1,3.4,2.4,3.8,SSE,24,18:25,12.1,96,7,S,9,1027.2,16.1,70,7,SE,11,1025.2
,2017-03-24,8.9,20.2,0.2,2.0,7.5,NW,24,10:17,12.4,81,1,NNW,9,1025.4,17.8,57,7,ESE,17,1022.4
,2017-03-25,12.4,21.3,0,4.0,0.8,NNW,28,09:39,14.0,72,8,NNW,13,1015.0,19.7,56,7,NNE,13,1012.3
,2017-03-26,12.0,21.3,0,1.2,8.1,ESE,22,12:21,14.4,84,4,NW,7,1015.6,20.6,62,1,SE,15,1014.1
,2017-03-27,14.0,28.6,0,3.4,3.6,NNW,89,13:05,17.5,75,6,NNW,17,1001.9,21.3,62,7,WNW,39,995.3
,2017-03-28,12.8,23.5,3.0,5.0,11.0,NW,65,12:21,16.9,51,1,NW,20,1006.1,23.1,36,1,NW,30,1004.0
,2017-03-29,14.7,25.7,0,6.4,8.6,NNW,74,09:24,19.0,48,2,N,24,1000.9,25.4,30,3,NW,26,996.4
,2017-03-30,9.7,17.0,4.8,6.0,6.5,SSW,48,13:23,11.8,62,1,NNW,11,1011.1,15.9,36,7,SW,28,1013.6
,2017-03-31,5.7,18.6,0,2.4,7.6,NNW,43,13:00,8.6,75,1,N,9,1019.9,16.5,43,7,SE,9,1015.2
,2017-04-1,8.6,16.7,0.2,3.4,9.8,W,69,12:19,11.7,48,1,SW,13,1009.9,15.9,34,3,SW,20,1013.8
,2017-04-2,7.5,16.3,0.2,4.6,4.4,,,,12.7,54,2,NNW,11,1029.6,14.1,47,7,S,13,1030.5
,2017-04-3,5.8,17.7,0,3.8,10.9,NW,24,07:10,10.8,65,1,NNW,11,1036.1,16.5,41,1,SE,15,1033.7
,2017-04-4,6.9,19.8,0,2.4,9.8,NW,22,06:28,11.4,67,5,NNW,17,1033.7,17.3,45,6,SE,15,1030.0
,2017-04-5,9.7,22.7,0,2.6,9.6,NW,41,14:46,14.2,64,3,NNW,15,1026.0,21.4,30,3,NW,24,1020.9
,2017-04-6,10.7,25.5,0,5.8,9.8,NW,52,12:16,17.2,46,6,NNW,20,1018.9,24.6,33,4,NW,15,1018.4
,2017-04-7,10.7,25.0,0,3.0,8.8,NNW,65,16:14,15.2,63,7,N,11,1022.5,24.2,24,8,N,31,1016.7
,2017-04-8,14.6,25.0,0,5.8,5.5,NNW,59,12:37,17.9,56,7, ,Calm,1015.7,23.4,34,4,NNW,33,1010.4
,2017-04-9,15.2,16.3,0.2,5.8,0.6,SSW,43,19:30,15.9,79,7,NNW,19,1005.0,14.7,89,7,S,17,1004.7
,2017-04-10,11.0,17.2,8.2,1.4,4.9,S,44,00:53,12.1,61,7,S,13,1016.1,15.6,44,4,SSW,19,1016.2
,2017-04-11,8.4,13.2,0,3.8,0.7,SSE,31,11:10,11.8,94,7,SSE,11,1023.9,12.5,79,8,SSW,15,1025.2
,2017-04-12,10.4,17.4,2.8,1.0,9.7,NE,24,12:51,12.3,72,3,NNW,13,1028.8,15.7,48,2,ESE,13,1026.4
,2017-04-13,7.2,21.2,0.2,1.0,9.4,SSW,43,22:10,11.8,72,1,NW,20,1024.6,20.2,46,6,NNE,9,1019.3
,2017-04-14,8.9,16.5,0,3.2,8.7,SW,52,10:36,13.6,44,2,WSW,6,1021.3,14.3,42,5,SW,22,1020.0
,2017-04-15,6.6,17.7,0,3.8,10.2,N,35,12:04,11.5,63,1,NNW,17,1021.2,17.1,40,1,NNE,13,1017.4
,2017-04-16,10.5,19.5,0,3.6,2.2,NW,46,14:05,13.7,56,7,N,20,1014.0,17.6,53,7,NW,22,1014.4
,2017-04-17,8.1,20.1,0,2.4,8.9,NW,41,11:50,13.1,62,4,NNW,19,1021.7,19.7,32,2,NW,19,1019.8
,2017-04-18,8.9,23.7,0,3.8,6.7,NNW,41,03:34,12.3,65,7,NW,15,1024.7,21.5,40,6,E,13,1024.9
,2017-04-19,9.4,24.1,0,2.4,9.8,NNW,31,09:11,13.2,68,1,NNW,17,1029.7,23.4,35,1,N,9,1025.9
,2017-04-20,11.4,22.7,0,4.0,5.7,NNW,37,03:21,14.5,67,6,NNW,11,1026.0,21.8,48,7,NNW,9,1023.1
,2017-04-21,12.0,25.0,0,3.2,9.2,NNW,35,09:24,16.9,59,1,NNW,13,1024.4,22.3,46,2,SE,15,1021.0
,2017-04-22,14.6,18.7,0,0.4,0.5,NW,30,01:43,17.0,68,7,NNW,15,1021.6,16.3,90,8,ESE,15,1021.8
,2017-04-23,12.7,14.2,3.2,1.2,0.0,S,20,04:50,13.4,87,7,SSW,9,1026.5,14.1,73,7,SE,7,1025.0
,2017-04-24,12.1,18.6,4.6,0.4,1.0,NNW,24,22:59,13.2,93,7,NNW,9,1020.4,17.8,73,7,NNW,9,1014.3
,2017-04-25,12.7,16.6,0,2.0,1.5,NW,26,21:22,14.0,87,8,N,4,1005.6,15.4,75,6,SSE,6,1000.0
,2017-04-26,8.7,12.6,0,0.8,2.1,S,54,16:10,9.2,57,8,SSW,22,1006.8,9.5,58,6,SSW,19,1010.8
,2017-04-27,3.3,14.9,2.0,2.0,7.7,NW,56,20:36,7.3,70,1,NNW,17,1019.0,12.9,52,7,NW,19,1015.8
,2017-04-28,7.3,19.5,0,2.2,6.6,NW,57,16:44,14.8,61,7,NW,13,1014.4,19.0,34,1,NW,31,1010.7
,2017-04-29,13.2,18.1,0,4.0,7.4,SW,46,10:11,15.5,50,6,E,11,1015.4,17.1,49,1,SSW,24,1017.5
,2017-04-30,6.4,20.1,0,2.4,9.7,N,35,22:23,11.3,74,1,NNW,11,1018.8,18.9,43,0,NNE,15,1013.7
,2017-05-1,10.7,20.0,0,3.8,3.2,NW,65,12:25,15.4,65,7,NNW,6,1003.6,16.4,50,7,NNW,11,1004.1
,2017-05-2,6.8,11.4,0.2,2.0,7.9,SW,56,13:09,8.7,64,4,NW,22,1009.7,10.4,49,2,WSW,20,1014.3
,2017-05-3,5.3,13.7,0,2.4,5.0,NW,30,05:00,8.2,68,7,WSW,6,1026.3,13.0,53,7,SW,6,1026.5
,2017-05-4,5.4,17.8,0.2,2.0,9.4,NNW,30,08:53,9.9,70,1,NNW,22,1029.6,16.7,49,1,NE,15,1027.0
,2017-05-5,7.1,15.9,0,2.6,5.7,NNW,31,11:39,9.4,80,5,NW,22,1027.5,15.2,51,8,N,20,1022.9
,2017-05-6,8.4,18.5,0,4.0,4.3,NW,54,14:17,11.1,68,6,NW,9,1011.6,13.4,62,7,WNW,33,1007.0
,2017-05-7,8.0,12.3,2.8,0.6,0.7,SW,70,17:13,9.2,65,7,WSW,17,1018.2,9.9,69,7,SW,24,1019.7
,2017-05-8,9.0,15.8,0,0.8,2.3,SW,44,05:55,12.3,65,7,SW,17,1028.2,14.6,54,6,SSW,22,1027.8
,2017-05-9,8.4,14.4,0,1.4,3.3,WSW,24,01:56,9.3,77,7,NNW,13,1029.4,13.1,74,7,SE,15,1026.9
,2017-05-10,6.2,14.1,0.4,1.6,5.0,NNW,24,10:01,8.6,87,8,NW,13,1025.3,12.2,69,4,SE,11,1021.6
,2017-05-11,7.1,13.5,0,2.2,0.4,SSW,33,13:59,10.5,76,7,SSW,7,1022.9,11.4,74,5,SSW,17,1023.6
,2017-05-12,7.8,11.4,0.2,1.0,0.2,NNW,19,05:18,9.4,78,7, ,Calm,1027.7,10.2,77,8, ,Calm,1024.7
,2017-05-13,8.7,14.5,4.8,0.0,1.2,SSW,33,16:27,9.5,95,8,NNW,11,1022.5,13.5,71,7,SW,13,1021.9
,2017-05-14,5.3,13.9,0.6,0.8,5.6,NNW,22,09:42,7.4,84,3,NNW,13,1026.9,11.6,73,5,E,9,1025.2
,2017-05-15,7.4,12.4,2.8,0.6,0.5,WSW,20,21:35,9.7,93,7,NNW,9,1024.8,11.3,68,7,E,7,1022.9
,2017-05-16,7.5,14.8,0,2.8,2.3,WNW,24,12:44,8.2,75,7,NNW,13,1022.3,14.1,42,6,NW,9,1019.2
,2017-05-17,5.1,12.0,0,1.2,0.3,NW,31,04:13,7.1,77,7,NNW,13,1021.8,12.0,61,7,NW,13,1020.9
,2017-05-18,7.1,14.1,0,0.4,2.5,NNW,30,05:47,10.3,75,3,NW,17,1028.3,13.0,77,7,SE,17,1029.4
,2017-05-19,8.7,16.1,0,1.6,5.9,NE,24,14:02,10.7,83,7, ,Calm,1030.5,14.7,57,7,NE,15,1027.5
,2017-05-20,10.2,14.8,0,2.0,0.5,ENE,26,11:10,12.5,74,7,WSW,6,1024.1,13.6,82,8,ESE,9,1020.7
,2017-05-21,9.4,15.0,5.2,0.2,2.1,NW,28,12:27,10.7,94,7,N,7,1017.3,14.4,72,7,NNW,11,1015.3
,2017-05-22,9.5,20.7,0.2,2.4,8.5,NNW,43,09:12,12.8,75,1,NW,30,1018.3,20.3,44,1,NW,19,1016.2
,2017-05-23,12.2,17.6,0,0.2,2.6,N,31,01:18,14.2,68,7,N,6,1014.3,15.3,89,6,W,7,1010.6
,2017-05-24,7.7,16.3,3.4,1.0,5.8,NNW,43,11:24,9.6,88,6,N,2,1005.8,13.9,49,4,NNW,9,1007.7
,2017-05-25,9.5,16.3,0,1.8,0.9,NW,46,10:39,11.7,70,7,NW,35,1012.7,15.9,60,7,N,9,1008.4
,2017-05-26,8.5,14.8,0,1.2,8.0,NW,35,11:50,11.2,57,2,W,11,1017.6,13.8,46,4,NW,20,1016.6
,2017-05-27,4.4,16.5,0,0.8,0.3,NNW,48,17:07,6.4,76,7,NNW,13,1012.4,13.3,63,8,SW,6,1006.3
,2017-05-28,6.3,12.4,2.6,1.8,0.2,SSW,35,17:16,10.5,81,7,WNW,11,1000.5,12.3,69,7,SSE,2,1000.4
,2017-05-29,5.2,12.6,0,0.6,5.7,NW,41,14:18,9.4,65,3,NW,19,1010.9,11.7,50,7,NW,20,1011.6
,2017-05-30,7.9,9.0,2.4,1.6,0.8,SW,44,06:51,8.6,74,8,WSW,13,1012.0,8.4,62,7,SW,20,1017.8
,2017-05-31,4.1,12.4,2.6,0.0,2.9,SW,43,11:13,6.6,73,3,NNW,15,1029.0,11.5,55,7,WSW,9,1028.4
,2017-06-1,6.5,14.6,0,1.6,5.1,N,41,10:48,7.8,75,6,SW,9,1032.3,13.8,54,6,ENE,17,1030.1
,2017-06-2,7.3,15.6,0,0.8,5.6,NW,48,13:43,10.9,78,3,NNE,6,1032.3,14.5,54,2,NNW,26,1030.4
,2017-06-3,8.2,17.1,0,1.6,8.0,ESE,22,15:40,11.4,73,6,WSW,4,1031.1,15.5,57,1,ESE,7,1028.7
,2017-06-4,9.1,13.3,0,2.0,2.8,NNW,31,11:29,10.8,73,6,NNW,15,1025.1,13.0,65,7,W,6,1021.4
,2017-06-5,8.6,15.7,0,1.4,3.6,NNW,33,12:29,10.0,82,7,WNW,9,1018.3,13.3,56,7,NW,19,1014.0
,2017-06-6,7.3,10.8,0,1.4,3.3,SSW,46,04:03,7.9,64,3,SSW,13,1025.2,9.9,52,6,SW,11,1027.2
,2017-06-7,3.1,12.3,0,1.4,8.2,NW,26,22:04,5.8,80,1,NW,15,1030.6,11.9,52,1,NNW,13,1027.3
,2017-06-8,3.1,13.1,0,1.0,2.9,NNW,31,11:50,6.8,69,7,NNW,22,1023.9,12.8,58,7,WNW,13,1022.8
,2017-06-9,5.5,15.9,0,0.2,7.6,NNW,28,10:14,9.1,73,2,WSW,4,1029.2,14.6,59,3, ,Calm,1029.5
,2017-06-10,5.0,15.0,0,1.0,8.2,NNW,59,23:36,7.5,82,1,NW,15,1030.6,14.9,55,1,NNW,15,1026.2
,2017-06-11,7.5,15.9,0,2.2,2.1,NNW,57,00:19,11.5,65,7,NNW,17,1018.6,15.4,52,7,NNW,20,1014.3
,2017-06-12,10.2,15.5,0,1.8,7.0,NW,57,13:06,11.2,61,4,NW,22,1018.5,14.2,55,6,NW,30,1018.6
,2017-06-13,7.9,16.1,0,1.8,6.3,NW,31,00:11,9.4,76,6,WSW,7,1027.1,14.0,59,5,NNW,11,1025.7
,2017-06-14,5.6,14.5,0,1.6,1.4,NW,52,11:43,7.0,79,6,WNW,13,1023.9,14.4,56,7,NW,28,1020.7
,2017-06-15,6.9,,0,0.8,2.2,,,,12.0,71,7,NW,13,1022.0,15.8,54,3,NNW,13,1019.9
,2017-06-16,8.2,16.2,0,1.0,8.0,NW,35,12:10,9.6,78,1, ,Calm,1022.3,15.9,48,1,NW,17,1020.9
,2017-06-17,6.4,16.8,0,1.2,8.1,NNW,52,22:23,8.7,77,1,NW,9,1021.6,16.2,48,2,NNW,22,1017.8
,2017-06-18,8.6,13.6,0.2,2.6,5.1,N,39,00:35,10.9,47,2,WNW,13,1024.9,12.6,43,7,NW,17,1025.8
,2017-06-19,5.2,16.2,0,1.2,4.1,NNW,54,07:16,9.9,60,7,NNW,33,1023.6,15.9,43,7,NW,24,1021.9
,2017-06-20,9.1,17.5,0,2.4,4.0,WNW,89,18:03,13.0,57,7,NNW,17,1018.2,16.6,41,7,NW,41,1011.9
,2017-06-21,7.4,12.1,2.6,3.4,4.6,W,59,00:25,8.0,61,6,SSW,11,1024.8,10.9,42,3,NW,11,1026.4
,2017-06-22,0.6,10.2,0,0.6,7.2,NW,44,14:14,2.6,84,2,NW,28,1025.9,9.5,48,7,NW,22,1020.7
,2017-06-23,2.6,15.1,0,1.2,5.4,NW,72,13:48,9.3,67,4,N,17,1006.2,11.3,64,7,NW,31,999.4
,2017-06-24,3.2,10.9,2.2,2.8,5.4,NW,46,04:10,6.2,63,4,NW,19,1010.2,9.5,52,7,NNW,20,1009.5
,2017-06-25,5.7,12.6,0,2.2,3.5,NW,50,10:56,6.4,75,7,NNW,17,1003.8,9.9,67,3,NNW,28,1002.2
,2017-06-26,4.4,12.4,0.2,1.2,6.6,SW,31,02:20,5.8,77,2,NNW,2,1018.0,10.9,60,5,S,7,1019.9
,2017-06-27,2.2,11.2,0,1.2,7.7,NW,31,15:44,3.9,83,1,WNW,13,1023.9,11.0,54,1,NW,20,1021.1
,2017-06-28,3.4,12.6,0,1.2,4.4,NW,33,06:09,5.2,78,6,NNW,15,1021.2,12.2,51,7,N,13,1018.5
,2017-06-29,5.0,11.4,0,1.0,2.3,SW,67,15:25,7.1,76,7,NNW,22,1012.6,7.9,65,7,SW,31,1011.4
,2017-06-30,4.0,10.1,1.4,1.0,6.0,SW,54,00:49,6.4,53,2,WSW,17,1026.2,8.9,51,4,E,9,1027.5
,2017-07-1,1.2,10.0,0,0.8,8.4,NW,35,08:36,2.0,83,1,NW,22,1029.0,9.8,48,6,NW,9,1027.0
,2017-07-2,1.1,11.6,0,1.0,7.7,NW,35,05:38,2.4,82,6,NNW,19,1024.3,11.2,50,6,NNW,15,1020.2
,2017-07-3,0.7,9.7,0,1.0,7.3,NW,30,00:53,1.2,90,1,NW,17,1017.4,9.5,55,3,NNE,2,1012.2
,2017-07-4,1.2,10.6,4.6,0.6,3.1,NNW,26,09:48,4.6,87,6,NNW,11,1004.8,10.6,70,7, ,Calm,1001.9
,2017-07-5,4.6,12.6,4.8,1.2,3.1,NNW,50,18:40,7.8,77,6,ENE,9,1003.6,12.3,56,7,NW,24,1002.1
,2017-07-6,7.7,15.2,0,1.8,6.6,NW,37,00:33,11.0,63,2,WNW,13,1008.1,12.2,58,7,WNW,17,1008.2
,2017-07-7,2.7,10.7,0,1.4,7.1,NW,24,09:15,5.1,81,3,NW,11,1008.4,9.4,64,5,NNW,9,1006.4
,2017-07-8,1.2,,0,0.6,,,,,2.1,94,1,NNW,20,1009.3,10.4,58,6,N,20,1007.5
