,"Date","Minimum temperature (°C)","Maximum temperature (°C)","Rainfall (mm)","Evaporation (mm)","Sunshine (hours)","Direction of maximum wind gust ","Speed of maximum wind gust (km/h)","Time of maximum wind gust","9am Temperature (°C)","9am relative humidity (%)","9am cloud amount (oktas)","9am wind direction","9am wind speed (km/h)","9am MSL pressure (hPa)","3pm Temperature (°C)","3pm relative humidity (%)","3pm cloud amount (oktas)","3pm wind direction","3pm wind speed (km/h)","3pm MSL pressure (hPa)"
,2016-06-1,4.9,21.2,0,2.4,9.0,ESE,24,11:41,13.5,71,1,S,6,1023.2,20.8,39,0,SE,9,1019.9
,2016-06-2,8.5,21.4,0,3.6,9.2,NE,30,12:12,14.3,59,0,ENE,11,1020.8,20.9,42,0,ENE,13,1015.8
,2016-06-3,14.3,24.3,0,4.0,8.0,WNW,31,14:18,16.4,64,6,NE,15,1012.7,21.2,71,6,NW,13,1010.5
,2016-06-4,14.7,17.8,8.6,2.0,5.3,SW,43,07:19,15.3,73,7,S,11,1015.6,17.0,52,7,SSW,11,1015.4
,2016-06-5,9.5,18.1,0.4,2.0,3.9,ENE,22,09:19,12.5,68,5,ENE,7,1017.1,17.3,48,2,ENE,6,1013.6
,2016-06-6,5.4,17.3,0,2.8,2.7,WSW,50,20:05,11.4,88,2,NE,9,1011.0,17.2,83,6,N,9,1006.5
,2016-06-7,10.9,14.2,19.4,2.0,3.3,SSW,46,14:49,11.4,82,7,S,9,1010.6,12.9,61,6,SSW,20,1013.0
,2016-06-8,5.9,15.1,2.2,1.8,8.4,S,39,11:36,10.8,69,2,S,9,1025.5,14.7,51,2,SSE,15,1024.8
,2016-06-9,8.3,17.3,0,1.8,3.2,N,22,13:48,10.5,66,7,NNE,9,1028.3,16.5,58,5,NNW,9,1025.8
,2016-06-10,10.5,18.5,2.0,1.2,2.6,NNE,20,15:49,12.7,96,8,N,6,1026.8,16.8,83,7,NE,9,1025.7
,2016-06-11,8.1,19.6,2.0,0.6,6.0,NNE,35,11:50,13.6,70,6,NE,15,1026.2,18.4,51,7,NNE,13,1022.5
,2016-06-12,10.9,21.1,0,2.8,5.1,N,37,14:09,13.9,61,3,NE,15,1018.9,19.5,47,7,N,15,1013.4
,2016-06-13,11.5,18.5,26.0,3.2,6.6,SSW,28,19:50,12.1,99,6,E,4,1015.5,17.9,65,5,WSW,11,1016.3
,2016-06-14,10.9,19.8,0,1.8,4.5,SE,28,12:18,12.4,94,8,SSE,9,1022.9,18.4,59,7,SSE,9,1020.7
,2016-06-15,8.3,19.1,0.2,1.6,8.2,SSW,19,01:12,12.6,94,1, ,Calm,1022.7,18.5,61,5,SSW,6,1020.1
,2016-06-16,8.6,20.3,0,3.2,5.7,SW,20,15:56,10.6,93,7, ,Calm,1021.9,20.2,58,6,SSE,4,1019.4
,2016-06-17,10.5,17.4,0,0.8,9.2,ENE,24,10:27,12.9,75,1,E,11,1023.0,15.3,64,2,ENE,11,1021.5
,2016-06-18,5.4,19.6,0,2.2,9.2,NE,35,11:38,11.8,76,1,NE,13,1021.8,19.1,50,1,N,13,1016.9
,2016-06-19,8.8,20.6,0,2.0,2.2,NNW,31,16:37,13.7,71,7,NNE,9,1011.6,19.6,74,7,NNW,11,1008.5
,2016-06-20,12.1,17.2,8.6,1.2,0.0,SSW,30,21:02,15.1,99,8,NNW,2,1010.2,15.8,90,8,WSW,9,1009.0
,2016-06-21,8.5,16.8,3.6,1.4,7.1,SSE,30,00:47,12.2,79,1,S,2,1016.7,15.8,53,6,S,9,1015.8
,2016-06-22,9.6,18.4,2.0,1.8,4.2,SW,43,17:17,11.7,97,8, ,Calm,1017.7,16.9,61,7,SW,15,1016.4
,2016-06-23,9.1,16.9,2.2,1.4,1.8,SSW,28,00:32,11.5,99,5, ,Calm,1021.7,16.2,52,7,SSW,9,1020.4
,2016-06-24,9.5,17.4,0,4.2,3.4,NNE,24,10:20,12.0,66,7,NE,9,1020.8,16.6,51,7,NNE,7,1017.4
,2016-06-25,9.5,17.0,9.6,1.0,5.7,SSW,30,13:43,11.0,98,7,NE,6,1019.5,16.7,56,2,SSW,13,1020.4
,2016-06-26,3.4,18.4,4.4,0.4,8.8,NNE,19,10:36,8.8,79,1,ENE,6,1026.0,17.9,52,1,NW,9,1022.8
,2016-06-27,6.6,17.9,0,1.4,9.0,NNE,33,11:32,10.5,67,6,NNE,7,1021.3,17.7,40,0,NNW,11,1016.0
,2016-06-28,8.0,18.6,0.4,2.2,2.2,NNW,28,10:56,14.1,74,5,NNE,9,1013.0,16.1,92,7,W,11,1011.3
,2016-06-29,9.7,19.2,17.8,2.4,6.8,SW,28,12:28,13.5,95,6,W,6,1018.1,18.3,60,4,SW,15,1019.3
,2016-06-30,5.0,18.4,0,2.4,9.3,SSE,22,12:19,11.1,89,1,SSW,2,1027.2,17.7,47,1,SSE,7,1024.7
,2016-07-1,2.9,19.3,0,2.0,9.3,NE,17,11:34,8.8,85,0,SW,6,1028.9,18.5,42,0,ENE,6,1025.2
,2016-07-2,6.4,20.7,0,2.6,5.5,SSW,24,20:24,12.1,63,0,ENE,7,1024.8,18.9,54,6,SW,9,1021.1
,2016-07-3,6.3,16.6,0,3.0,5.3,S,33,13:12,12.2,82,5,S,4,1024.0,15.7,57,4,SSE,17,1023.9
,2016-07-4,4.8,14.7,0.4,0.6,7.6,ESE,35,12:19,8.3,68,6,ESE,11,1030.3,14.1,53,6,ESE,13,1026.9
,2016-07-5,8.2,16.7,0,2.2,3.8,ENE,30,11:24,10.1,70,7,E,7,1025.2,15.5,59,4,E,13,1022.0
,2016-07-6,7.2,17.6,0,2.2,8.0,E,41,05:21,10.1,73,7,ESE,6,1022.1,16.6,58,3,NE,9,1018.8
,2016-07-7,10.1,15.9,0,2.4,0.4,NE,28,04:22,10.9,79,7,NNE,15,1019.4,15.7,70,7,NNE,11,1015.3
,2016-07-8,10.9,17.4,13.2,1.6,5.3,WSW,37,08:37,14.4,78,7,WSW,19,1009.9,17.1,51,5,W,13,1006.4
,2016-07-9,8.2,14.5,27.4,3.0,3.1,SSW,57,12:27,10.6,74,6,S,19,1007.9,8.4,88,7,WSW,11,1008.8
,2016-07-10,8.4,16.4,29.8,4.0,6.4,SSW,35,00:38,12.0,85,6,SSW,15,1014.1,14.2,67,5,SW,19,1014.9
,2016-07-11,6.8,16.6,2.6,3.2,7.8,SSW,31,14:55,9.7,99,1, ,Calm,1022.6,15.4,58,5,SSW,17,1022.6
,2016-07-12,4.1,14.2,0.2,1.2,7.3,ESE,24,10:27,7.5,86,7,SSE,2,1030.5,13.5,46,4,E,11,1029.1
,2016-07-13,0.6,16.0,0,1.6,9.4,NE,33,12:00,8.0,76,6,NE,7,1030.3,15.3,42,2,NE,13,1025.5
,2016-07-14,4.0,18.2,0,2.0,7.6,N,44,09:38,10.8,56,1,NNE,17,1020.7,17.4,46,2,NNE,17,1016.0
,2016-07-15,10.8,22.0,0,3.2,1.8,NNW,31,12:03,15.6,50,7,NNE,11,1017.3,21.0,41,7,NNW,19,1015.1
,2016-07-16,15.3,21.1,0,2.6,0.7,NW,44,21:00,15.7,69,7,N,9,1012.8,21.0,73,7,NNW,17,1007.2
,2016-07-17,14.3,19.4,32.8,3.0,5.3,W,41,05:58,15.7,74,5,WNW,13,1010.6,17.4,52,6,WNW,17,1010.3
,2016-07-18,8.5,16.8,6.8,3.0,9.2,SSW,28,12:05,11.4,80,1,S,13,1020.3,16.3,54,2,SSE,13,1020.0
,2016-07-19,3.6,18.0,0,4.4,8.0,ENE,20,10:20,10.0,81,1,NE,7,1024.0,17.5,48,2,S,4,1020.3
,2016-07-20,4.5,19.0,0,1.6,8.5,N,33,21:10,10.3,71,1,NNE,11,1017.5,17.8,51,3,NW,11,1012.9
,2016-07-21,8.8,15.3,15.4,2.2,4.0,W,44,19:03,9.1,91,7,S,13,1012.4,14.3,51,7,WSW,17,1013.8
,2016-07-22,6.9,15.7,4.0,2.0,9.4,SW,39,00:09,11.2,68,1,SE,9,1023.4,15.0,47,1,SSW,11,1022.9
,2016-07-23,8.0,17.1,0,2.4,5.0,SSW,31,14:07,11.5,75,4,SSE,6,1023.8,12.6,91,5,SSW,15,1022.4
,2016-07-24,1.2,15.1,0.6,1.8,8.8,S,28,16:53,8.0,76,1,SSE,6,1029.1,14.3,53,1,SSW,11,1026.1
,2016-07-25,6.7,17.1,0,1.2,8.2,SE,26,12:02,11.9,72,1,ENE,6,1028.6,16.8,52,6,SSE,4,1026.5
,2016-07-26,4.7,18.4,0,1.6,8.7,SW,20,15:36,9.1,84,3,NE,6,1029.2,17.9,57,3,SSW,7,1026.9
,2016-07-27,5.1,19.0,0,2.2,5.0,NNE,22,13:39,8.8,98,7, ,Calm,1027.0,17.8,54,7,NE,9,1023.0
,2016-07-28,8.7,21.1,0,1.4,4.6,WSW,13,16:34,15.3,72,6,NE,4,1022.8,20.8,38,5,SSE,2,1019.1
,2016-07-29,10.6,22.5,0,1.8,3.5,NNW,56,13:01,16.5,72,7,NNE,11,1015.5,21.9,69,7,NW,20,1011.4
,2016-07-30,12.2,19.4,0,3.8,7.2,WNW,41,23:40,16.2,61,5,W,6,1017.7,17.4,59,7,NW,17,1015.7
,2016-07-31,12.3,15.6,6.4,2.6,5.7,SW,56,07:43,12.5,83,7,WSW,20,1018.5,13.4,67,3,SSW,15,1023.2
,2016-08-1,1.6,15.8,0.8,3.4,9.6,NE,24,11:55,8.1,77,0,S,6,1031.9,15.3,44,1,NE,9,1029.0
,2016-08-2,2.3,17.3,0,2.0,9.7,NNE,39,11:01,10.2,61,1,E,11,1026.3,16.8,40,1,ENE,11,1021.3
,2016-08-3,4.6,17.8,0,3.0,0.1,NNE,28,10:14,11.8,52,7,NNE,11,1016.4,17.7,43,8,NNE,9,1015.1
,2016-08-4,11.8,15.9,3.0,1.2,0.3,ESE,17,12:43,12.7,97,8,NE,6,1016.7,15.6,82,7,ESE,6,1015.3
,2016-08-5,7.1,16.7,3.0,0.8,1.2,ESE,17,09:06,11.0,99,7,ESE,7,1019.9,16.3,70,7,SSE,7,1017.4
,2016-08-6,9.2,17.7,0,1.6,7.0,WNW,41,21:06,13.6,80,1,NE,17,1013.3,16.2,77,3,NNE,11,1008.9
,2016-08-7,10.3,17.7,5.0,4.2,7.1,NW,54,23:10,14.6,63,6,WNW,11,1013.4,17.1,45,4,WNW,17,1012.9
,2016-08-8,10.3,15.1,12.2,1.6,4.3,WSW,57,12:36,12.9,69,7,W,15,1014.9,12.8,71,7,WSW,22,1015.8
,2016-08-9,10.5,17.0,5.2,1.8,4.8,SW,37,03:11,13.0,67,3,SW,7,1021.5,15.8,51,3,WSW,17,1020.3
,2016-08-10,8.6,18.4,4.8,1.8,5.7,W,22,14:33,11.6,93,7,NNE,7,1024.5,17.1,63,6,WNW,11,1022.1
,2016-08-11,11.5,19.3,0.4,1.2,5.3,W,39,15:26,13.9,76,7,N,11,1020.0,18.5,56,6,WNW,19,1017.3
,2016-08-12,4.9,17.9,5.4,3.0,9.2,SSW,24,15:23,11.1,89,5,SSE,4,1026.6,17.5,43,1,SW,9,1024.8
,2016-08-13,6.4,19.7,0,2.0,6.9,SW,22,16:52,12.6,69,2,SW,6,1027.7,18.0,44,5,SSW,4,1023.8
,2016-08-14,4.6,21.9,0,2.2,9.9,SW,46,14:07,11.8,68,0,SW,6,1020.0,19.5,43,0,WSW,11,1013.9
,2016-08-15,8.9,19.6,0.2,2.8,5.0,WNW,41,10:56,18.0,61,2,WNW,11,1012.8,16.9,66,7,W,11,1012.8
,2016-08-16,7.4,19.9,4.0,1.8,8.5,NW,31,13:43,12.1,91,2,NNE,11,1018.6,19.3,52,3,NW,17,1015.4
,2016-08-17,12.1,16.2,1.6,3.0,0.1,WSW,72,16:38,14.8,94,5,N,17,1002.9,13.8,70,7,W,20,1003.2
,2016-08-18,5.5,15.4,17.4,0.6,9.4,SW,39,15:34,9.7,81,3, ,Calm,1021.7,14.1,55,2,SSW,17,1021.7
,2016-08-19,9.5,15.9,0,3.0,1.9,WSW,26,14:08,11.0,73,8,NE,9,1024.7,14.8,67,7,NW,13,1022.1
,2016-08-20,9.1,17.9,2.8,3.0,7.3,SW,30,15:25,11.5,97,7,SSW,7,1021.2,17.2,58,3,SSW,15,1019.2
,2016-08-21,7.3,18.5,1.6,2.0,3.8,W,48,16:36,10.3,92,8,NNE,7,1019.2,17.5,59,6,NW,13,1014.8
,2016-08-22,7.5,16.3,7.4,2.2,9.6,SSW,50,21:41,10.8,72,1,SSE,13,1022.3,15.4,49,3,SSW,15,1020.9
,2016-08-23,3.3,16.8,0,3.2,10.2,SSE,22,11:12,10.6,66,0,SSW,6,1025.3,16.0,40,5,SE,9,1022.3
,2016-08-24,3.8,17.1,0,3.4,10.6,NE,26,11:15,10.0,66,0,E,9,1026.6,16.3,42,0,ESE,9,1023.5
,2016-08-25,6.2,18.7,0,3.4,9.6,ENE,52,21:32,12.0,69,1,ENE,13,1025.4,18.0,45,1,ENE,15,1019.5
,2016-08-26,12.0,21.5,0,4.6,3.7,NW,43,18:21,16.5,46,4,NNE,17,1012.9,21.3,40,7,NNE,13,1007.6
,2016-08-27,11.2,17.0,31.0,2.6,5.5,WNW,50,09:28,14.6,78,7,NW,15,1003.1,14.6,72,3,WSW,24,1003.6
,2016-08-28,10.9,16.5,7.6,3.4,6.0,SW,43,15:04,14.0,69,6,SSW,15,1011.3,15.1,63,8,SW,22,1010.8
,2016-08-29,11.1,17.6,0,2.2,8.3,SW,30,15:36,13.5,70,7,SSW,11,1016.7,17.6,57,6,SW,15,1015.4
,2016-08-30,4.5,18.2,0,1.6,6.4,NW,30,13:06,11.5,77,2,NNE,11,1018.2,17.1,57,7,W,9,1015.3
,2016-08-31,10.9,17.2,9.8,2.0,5.0,SSW,41,14:45,13.0,96,8,SSE,9,1012.7,16.4,60,3,SW,26,1014.3
,2016-09-1,5.3,17.2,1.6,2.8,10.4,WSW,28,14:07,12.2,75,0,SSE,6,1026.5,15.7,54,1,SW,13,1023.7
,2016-09-2,5.3,17.2,0,4.2,3.9,WSW,26,13:43,12.3,71,7,SSE,2,1023.4,16.3,56,6,SSW,13,1020.7
,2016-09-3,6.8,19.5,0,1.2,10.3,N,28,15:11,12.2,79,1,SSE,7,1025.5,18.6,43,1,ENE,9,1021.8
,2016-09-4,9.0,22.2,0,2.8,7.3,SW,30,16:24,13.6,67,7,ESE,2,1021.3,20.4,44,2,SW,17,1016.8
,2016-09-5,9.5,19.9,0,2.8,9.8,SW,52,10:54,13.5,78,1,SW,9,1018.1,19.1,59,1,SW,15,1015.3
,2016-09-6,7.2,19.6,0,2.6,8.6,NNW,35,17:52,14.6,80,1,NE,9,1013.4,18.6,58,6,WNW,13,1009.2
,2016-09-7,12.3,17.5,6.2,3.0,7.9,W,57,02:34,15.2,62,4,WSW,20,1012.2,16.1,54,6,WNW,19,1013.9
,2016-09-8,11.6,17.9,5.4,3.8,8.6,SW,43,04:34,14.7,58,7,SSW,11,1024.2,17.4,49,2,SW,9,1023.5
,2016-09-9,7.0,19.2,0,4.0,4.0,WSW,24,13:52,12.6,74,8,SW,7,1025.1,17.5,62,7,W,11,1021.7
,2016-09-10,12.3,20.5,0,1.4,4.0,SW,30,14:26,16.0,82,2,NNE,9,1021.3,17.7,64,7,SW,15,1018.8
,2016-09-11,11.9,16.5,0,4.2,8.7,SE,43,21:58,13.0,64,6,SE,15,1024.5,15.5,57,7,SE,13,1023.0
,2016-09-12,9.0,17.8,0,2.0,9.3,SE,41,02:19,11.9,57,4,E,19,1028.3,17.0,41,5,SE,17,1024.9
,2016-09-13,8.5,18.0,0,4.0,10.3,E,39,09:31,12.4,50,3,E,15,1029.0,17.5,32,1,ESE,13,1025.3
,2016-09-14,6.9,20.0,0,5.0,11.0,SW,30,14:59,13.0,57,0,E,13,1027.5,17.5,44,2,SW,20,1022.8
,2016-09-15,4.3,18.6,0,3.2,7.2,WSW,41,19:06,14.1,59,1,ENE,6,1017.4,17.5,56,7,W,19,1012.8
,2016-09-16,7.1,17.3,5.8,3.0,10.2,SSE,33,00:10,11.5,60,1,SSE,20,1021.4,16.6,45,4,SSW,9,1020.8
,2016-09-17,5.0,18.2,0,3.6,9.4,ENE,24,08:57,12.5,56,2,NE,17,1026.6,17.1,41,6,NNW,6,1023.7
,2016-09-18,3.7,19.1,0,3.0,2.7,SW,54,21:32,13.5,62,5,NNE,11,1017.9,14.9,68,8,W,19,1013.6
,2016-09-19,5.9,15.8,13.8,3.8,9.3,SSW,61,00:33,11.6,65,7,S,13,1017.3,14.3,63,6,SW,15,1017.5
,2016-09-20,6.5,19.6,0,2.6,10.4,NW,22,13:31,14.9,58,5,NE,7,1022.1,19.0,44,1,WNW,9,1019.4
,2016-09-21,5.2,23.1,0,2.2,10.9,WSW,22,16:07,14.8,66,0,NNE,7,1019.4,22.4,34,1,NW,9,1015.4
,2016-09-22,7.2,18.8,0,4.0,3.6,SW,35,14:08,15.2,74,7,NNE,7,1011.5,15.2,74,7,SW,17,1011.5
,2016-09-23,10.2,15.6,10.2,1.4,7.8,WSW,48,09:08,13.6,61,7,SW,15,1015.5,13.1,55,6,SSW,20,1015.5
,2016-09-24,6.3,17.5,1.2,3.0,7.1,NW,30,14:44,10.5,71,7,NE,6,1018.3,16.5,49,5,WNW,15,1014.4
,2016-09-25,8.9,16.7,15.6,2.4,8.0,SW,35,16:16,12.2,82,6,SSE,15,1018.0,16.1,49,2,SW,17,1017.7
,2016-09-26,4.5,18.3,0,3.0,4.0,W,31,13:51,14.4,67,5,NNE,11,1021.1,17.0,62,8,W,15,1018.7
,2016-09-27,12.0,19.7,3.6,2.8,5.9,SW,70,15:47,18.1,62,4,WNW,15,1013.4,15.1,68,7,WSW,20,1011.0
,2016-09-28,6.4,15.8,5.4,3.0,11.1,SSE,31,09:06,11.9,55,1,S,15,1024.1,14.9,49,3,SW,17,1022.4
,2016-09-29,4.4,18.7,0,5.0,11.3,NE,28,08:06,12.2,54,0,ENE,15,1021.8,18.1,46,0,SW,11,1015.5
,2016-09-30,6.5,19.1,0,3.2,5.2,NNW,39,10:45,16.6,63,6,W,7,1008.7,17.2,63,3,W,19,1007.1
,2016-10-1,12.3,16.5,4.6,1.0,7.0,WSW,70,11:23,15.3,63,4,WSW,28,1004.5,12.8,64,3,WSW,30,1006.8
,2016-10-2,10.0,17.5,2.8,5.2,8.4,SW,46,08:29,15.0,58,6,WSW,19,1016.8,16.0,54,6,SW,19,1017.9
,2016-10-3,9.1,18.8,0,4.0,1.8,W,31,14:45,16.6,70,8,W,11,1019.9,16.6,80,7,W,13,1019.2
,2016-10-4,11.2,21.0,0.8,3.6,7.8,W,30,15:04,17.0,85,6,N,7,1018.7,19.7,62,5,WNW,15,1016.1
,2016-10-5,9.0,23.2,0,3.0,11.7,WNW,28,13:45,17.9,69,1,NNE,11,1013.9,22.2,51,1,WNW,13,1010.0
,2016-10-6,12.3,22.4,0,2.2,6.6,NW,43,12:32,19.4,72,8,NW,13,1010.7,21.6,63,6,NW,17,1010.5
,2016-10-7,14.7,24.3,1.2,3.0,8.7,WNW,37,15:05,18.0,83,6,N,13,1012.8,22.6,56,6,NW,17,1009.7
,2016-10-8,15.3,18.8,9.0,5.4,1.9,W,44,11:58,16.5,91,7,NNW,9,1008.3,17.4,71,8,WNW,17,1008.9
,2016-10-9,13.0,18.2,5.2,3.0,6.7,SW,44,09:39,14.8,71,4,SW,19,1021.7,16.8,44,2,WSW,22,1022.4
,2016-10-10,6.5,20.7,0,4.4,11.7,SSW,35,16:30,15.5,56,1,E,9,1029.6,18.9,48,0,SSW,17,1026.4
,2016-10-11,8.9,26.2,0,5.0,11.8,NE,31,11:13,17.0,54,0,E,9,1026.1,25.5,29,0,ENE,9,1021.5
,2016-10-12,13.9,33.1,0,6.4,11.8,NE,37,08:42,22.3,30,0,NE,20,1016.8,31.8,15,0,NNE,11,1011.3
,2016-10-13,11.1,24.5,0,7.0,11.7,SW,31,14:25,22.2,75,3,WNW,9,1011.8,22.3,60,2,W,13,1010.7
,2016-10-14,16.0,21.4,0.6,3.4,8.6,W,43,23:52,18.9,62,7,W,17,1012.3,19.6,49,7,WNW,19,1010.9
,2016-10-15,10.4,17.2,4.8,5.2,8.1,WSW,54,02:22,14.7,63,7,SW,19,1016.6,16.8,49,3,SW,22,1018.9
,2016-10-16,7.8,19.4,1.4,5.4,11.0,SW,35,14:22,15.3,50,2,S,11,1026.6,18.3,51,1,SW,19,1024.3
,2016-10-17,9.3,19.8,0,4.4,6.6,SW,33,17:34,15.4,61,7,SSE,11,1025.5,18.7,58,7,SW,19,1022.6
,2016-10-18,10.8,21.6,0,4.0,11.9,SSW,31,13:38,16.1,55,1,E,13,1023.9,19.5,48,2,SSW,17,1019.7
,2016-10-19,8.1,19.8,0,6.0,10.1,SW,37,11:50,15.4,61,7,S,9,1017.4,17.3,57,6,SW,19,1013.9
,2016-10-20,11.1,19.1,2.6,4.8,12.0,SW,43,15:18,14.3,52,3,SSE,15,1019.7,17.0,46,4,SW,24,1019.7
,2016-10-21,7.9,22.0,0,5.4,12.0,SW,31,16:30,13.7,46,0,E,15,1028.2,21.8,28,0,SE,7,1023.8
,2016-10-22,9.5,28.5,0,4.8,12.0,ENE,37,10:42,19.0,34,0,ENE,17,1023.1,27.9,14,0,NE,13,1016.9
,2016-10-23,10.2,29.5,0,8.8,12.5,WSW,31,13:23,23.3,27,0,W,7,1012.0,25.7,19,0,WSW,13,1010.0
,2016-10-24,10.7,22.0,0,6.6,10.6,SW,37,15:46,18.6,64,5,SW,11,1013.5,19.8,56,6,SW,19,1011.9
,2016-10-25,8.9,21.4,0,4.8,10.3,WSW,35,14:48,16.5,51,7,SSE,6,1016.7,17.2,62,7,WSW,17,1016.4
,2016-10-26,8.4,22.3,0,4.4,11.5,SW,31,15:59,17.7,63,5,E,6,1020.7,21.5,47,1,WSW,13,1018.6
,2016-10-27,9.9,21.9,0,4.0,11.8,SSW,39,16:15,18.3,59,3,S,13,1020.9,20.8,48,1,SSW,19,1018.3
,2016-10-28,9.8,22.4,0,6.4,12.2,SSW,33,14:21,18.5,55,0,SW,15,1015.3,20.5,43,1,SW,20,1012.2
,2016-10-29,15.0,20.0,1.4,6.0,8.4,SW,50,12:02,18.4,77,7,W,13,1013.1,18.8,51,7,WSW,20,1014.5
,2016-10-30,8.9,21.2,3.0,4.8,12.1,SSW,37,14:33,15.6,42,1,SSE,15,1023.7,18.7,44,0,SW,22,1020.3
,2016-10-31,9.7,22.5,0,5.4,12.2,SW,44,15:12,16.6,53,0,SE,13,1021.8,20.0,48,1,SW,20,1018.9
,2016-11-1,11.2,25.6,0,7.2,12.4,SW,31,16:15,18.4,50,0,ESE,11,1020.2,23.1,45,0,SSW,17,1015.2
,2016-11-2,12.0,30.8,0,7.4,12.5,SSW,33,15:51,21.5,45,0,E,7,1014.5,28.4,30,1,SW,15,1010.8
,2016-11-3,13.2,22.9,0,9.2,12.6,SSW,39,16:23,17.9,65,0,SW,15,1016.8,20.9,57,0,SW,22,1016.8
,2016-11-4,16.0,26.1,0,5.8,9.3,SW,33,16:12,18.8,69,7,ENE,9,1022.0,24.4,53,0,SSW,19,1018.5
,2016-11-5,14.1,37.0,0,6.6,12.8,SW,31,17:07,25.6,45,0,ENE,11,1017.8,33.8,30,0,WSW,15,1012.7
,2016-11-6,18.2,25.0,0,8.6,12.5,SW,44,13:16,22.5,64,1,SSW,15,1014.1,22.3,67,4,SSW,19,1015.1
,2016-11-7,11.5,22.4,0,7.6,12.6,SW,39,14:14,16.5,47,1,SE,13,1019.4,18.7,50,7,WSW,20,1016.5
,2016-11-8,9.4,23.6,0,7.2,12.4,SW,41,21:27,18.0,50,0,E,7,1014.2,21.1,46,1,WSW,15,1010.2
,2016-11-9,13.0,21.4,0,8.4,8.1,WSW,37,13:36,17.1,58,7,SSE,13,1011.4,19.7,44,1,SW,20,1010.5
,2016-11-10,8.2,21.8,0,5.0,8.0,WNW,41,12:56,19.2,52,2,NW,11,1011.6,17.3,87,8,NW,15,1009.2
,2016-11-11,11.2,21.2,0.4,6.0,10.0,SW,39,12:13,17.9,50,5,WSW,17,1016.2,19.2,49,4,SW,17,1016.4
,2016-11-12,8.2,22.5,0,6.0,12.2,SSW,39,15:56,18.9,46,1,SSW,9,1022.1,20.9,52,1,SW,20,1020.3
,2016-11-13,11.6,31.1,0,7.0,12.9,SW,31,17:35,21.0,44,0,E,13,1023.0,29.0,32,1,SSW,13,1017.7
,2016-11-14,14.1,36.9,0,9.8,12.9,NNE,43,08:53,27.4,16,0,NNE,24,1014.1,36.6,9,0,NE,11,1008.5
,2016-11-15,17.3,35.8,0,10.0,12.5,NW,39,14:46,31.4,18,0,NE,15,1005.7,24.3,64,4,WNW,15,1004.6
,2016-11-16,18.6,21.6,0,7.8,4.3,WNW,39,12:45,20.5,63,7,WNW,7,1004.6,19.5,64,7,SSW,9,1007.8
,2016-11-17,10.6,21.8,14.0,3.8,13.2,SW,37,14:10,17.3,44,1,SE,9,1022.7,19.8,46,0,SW,20,1021.1
,2016-11-18,9.9,30.3,0,7.8,12.8,SW,31,15:42,21.3,42,0,E,11,1020.0,26.7,30,0,WSW,17,1015.7
,2016-11-19,11.8,25.6,0,8.4,12.9,SW,41,21:04,22.3,50,1,S,7,1013.4,23.7,52,4,SSW,19,1012.1
,2016-11-20,15.3,23.5,0,9.2,10.6,SSW,46,15:54,20.6,43,5,SSW,17,1016.4,20.9,47,1,SSW,24,1015.6
,2016-11-21,10.2,21.8,0,7.4,12.6,SSW,37,16:09,17.3,49,7,ESE,9,1020.9,20.5,40,6,SW,17,1018.2
,2016-11-22,13.0,28.2,0,7.4,13.2,SSW,37,14:51,21.8,39,0,E,11,1019.7,25.3,38,0,SSW,20,1016.0
,2016-11-23,14.3,33.0,0,9.4,13.2,SSW,39,15:44,25.4,34,1,ENE,13,1018.4,30.7,22,1,SW,19,1015.8
,2016-11-24,18.0,33.9,0,12.6,13.0,SW,37,16:37,26.1,34,0,E,13,1018.4,31.8,25,1,SW,19,1015.3
,2016-11-25,16.7,35.4,0,11.6,13.0,ENE,35,08:00,25.7,35,0,ENE,15,1017.3,34.8,14,1,S,11,1013.6
,2016-11-26,18.7,38.2,0,11.8,13.1,NE,31,08:23,31.5,23,1,NNE,17,1013.8,37.4,11,1,SSW,9,1010.4
,2016-11-27,17.1,31.0,0,11.4,13.2,SSW,37,16:35,26.9,45,0,S,9,1013.2,28.3,38,0,SW,17,1013.2
,2016-11-28,15.2,29.5,0,9.2,13.1,SW,33,19:00,23.8,45,1,E,6,1015.4,26.0,45,0,WSW,15,1013.5
,2016-11-29,15.3,25.9,0,10.2,13.2,SSW,39,15:09,20.4,60,1,SSE,13,1017.3,24.9,50,3,SW,19,1013.6
,2016-11-30,15.1,26.6,0,8.0,13.1,SSW,43,14:53,22.6,52,1,SSE,7,1014.5,22.7,52,3,SSW,22,1012.9
,2016-12-1,13.7,24.3,0,9.0,10.2,SSW,37,14:39,19.9,58,7,SSE,9,1016.4,22.6,43,7,SW,17,1013.9
,2016-12-2,14.0,27.9,0,7.4,12.8,E,33,06:05,20.7,46,1,NE,9,1012.7,25.9,39,2,WSW,13,1009.1
,2016-12-3,15.7,23.4,0,7.8,9.6,W,35,18:01,20.4,55,8,WSW,15,1009.1,21.3,64,7,W,15,1008.8
,2016-12-4,14.6,23.6,1.8,6.2,12.2,SW,41,17:42,18.2,42,2,SE,15,1015.3,21.4,41,1,SW,20,1012.9
,2016-12-5,12.8,23.8,0,10.0,12.7,WSW,41,13:11,19.2,55,1,SSE,13,1015.4,21.8,44,0,SSW,22,1014.1
,2016-12-6,12.9,24.7,0,11.8,12.7,SW,33,13:08,20.8,55,7,SSW,7,1016.9,23.4,46,1,WSW,17,1014.1
,2016-12-7,17.8,24.1,0,8.6,11.3,SW,41,09:10,20.7,64,5,SSW,19,1016.5,23.0,45,0,SW,19,1015.7
,2016-12-8,13.3,30.0,0,11.4,11.3,ESE,33,06:57,19.7,40,0,ESE,15,1020.1,27.0,34,0,SSW,17,1015.4
,2016-12-9,14.1,35.8,0,8.0,13.3,SW,41,16:21,27.2,27,0,ENE,13,1014.6,32.4,17,0,SW,19,1011.7
,2016-12-10,16.2,37.6,0,12.0,13.3,WNW,35,12:25,32.4,16,0,NE,20,1010.6,29.3,25,1,W,13,1009.8
,2016-12-11,18.2,28.6,0,10.6,8.0,SSW,43,16:50,22.2,67,1,WSW,15,1011.8,26.0,42,7,SSW,13,1007.5
,2016-12-12,17.7,24.6,7.8,7.6,6.0,SSE,43,20:28,21.1,74,7,WSW,11,1010.1,22.0,57,7,SSE,20,1011.2
,2016-12-13,14.4,24.8,0,5.2,11.8,SSE,39,01:59,18.8,55,5,SE,15,1020.6,23.6,46,0,SW,19,1018.3
,2016-12-14,15.6,30.1,0,8.6,13.3,ENE,31,09:14,21.4,54,0,ENE,15,1021.5,28.3,46,1,SSW,15,1016.6
,2016-12-15,18.3,33.7,0,9.0,10.2,S,37,16:17,27.5,36,5,NE,15,1012.1,31.7,25,7,SW,17,1009.7
,2016-12-16,17.9,30.8,0,10.6,13.3,ESE,44,23:10,21.6,50,1,SSE,13,1013.9,29.2,28,0,S,15,1010.8
,2016-12-17,14.2,30.0,0,11.0,13.1,SW,44,15:47,21.4,45,0,ESE,13,1014.0,26.5,44,1,SSW,17,1010.2
,2016-12-18,15.5,24.2,0,10.4,13.1,SW,46,15:52,21.5,56,1,SSW,13,1012.7,23.0,54,0,SW,22,1012.8
,2016-12-19,14.5,27.3,0,8.8,13.2,SW,35,14:38,21.2,49,0,SE,9,1016.8,24.8,46,0,SW,20,1013.8
,2016-12-20,16.0,34.3,0,10.0,13.3,E,35,06:44,23.2,44,0,E,11,1015.2,34.0,20,0,SE,11,1010.2
,2016-12-21,20.3,42.4,0,11.4,13.0,N,41,13:06,30.4,29,1,NE,19,1008.0,41.8,14,1,NNE,9,1001.7
,2016-12-22,20.0,27.1,0,13.2,9.4,SW,39,17:25,20.9,69,7,SW,17,1010.1,25.1,51,0,SSW,20,1008.5
,2016-12-23,17.3,32.6,0,9.4,13.2,SW,43,16:01,27.0,40,0,SSE,9,1009.0,29.9,31,0,SW,22,1005.7
,2016-12-24,19.2,29.9,0,13.0,13.1,SW,44,16:58,25.2,45,1,SSW,11,1007.1,27.2,50,0,SW,22,1004.8
,2016-12-25,17.9,32.7,0,11.8,13.2,SW,43,16:36,22.7,50,1,SSE,17,1011.3,30.7,38,0,SW,17,1007.6
,2016-12-26,16.2,32.7,0,12.2,13.1,WSW,41,15:08,25.0,46,0,ENE,11,1006.7,26.1,47,1,WSW,19,1003.7
,2016-12-27,16.3,22.5,0.6,8.4,11.1,WSW,56,15:34,19.1,51,6,SW,22,1005.9,21.1,47,1,SSW,28,1006.8
,2016-12-28,13.4,22.9,0,8.2,13.1,SW,46,17:31,17.9,51,7,S,15,1012.1,22.0,44,1,SW,20,1011.0
,2016-12-29,11.8,24.2,0,9.6,13.2,SW,33,16:31,18.4,53,1,SSE,9,1013.8,22.6,46,0,W,15,1010.3
,2016-12-30,13.1,23.2,0,7.0,13.1,SSW,50,15:34,21.1,52,1,N,4,1008.9,22.0,50,2,SW,24,1008.3
,2016-12-31,13.1,27.4,0,8.0,13.2,SW,43,16:59,20.0,54,1,SE,11,1016.3,25.2,47,1,SW,19,1013.4
,2017-01-1,16.3,31.3,0,12.6,13.3,SE,35,00:48,22.4,45,0,ESE,13,1017.2,27.9,40,0,SW,19,1013.1
,2017-01-2,18.2,37.1,0,11.6,13.2,SSW,37,16:13,27.8,35,0,NE,15,1013.8,36.7,15,0,SE,9,1010.0
,2017-01-3,18.2,40.0,0,12.2,13.3,SW,35,15:39,31.8,27,0,NE,11,1010.7,38.4,15,0,SSW,17,1007.4
,2017-01-4,18.9,40.9,0,12.6,13.3,ENE,33,08:56,34.1,19,1,NE,20,1007.7,38.0,12,1,W,15,1005.2
,2017-01-5,20.0,24.9,0,11.8,8.3,SW,48,19:43,20.8,76,7,W,11,1007.7,23.4,59,5,WSW,19,1007.6
,2017-01-6,16.9,23.2,0,10.0,9.3,SSW,44,16:05,19.6,46,7,SW,19,1011.8,21.6,55,3,SSW,20,1009.6
,2017-01-7,13.8,24.9,0,7.2,12.9,SSW,43,15:23,19.8,54,1,ESE,7,1012.5,23.4,50,0,SW,20,1009.9
,2017-01-8,13.7,30.6,0,7.8,13.1,SSW,39,15:08,24.0,43,0,SSE,9,1011.7,27.6,41,0,SSW,22,1009.3
,2017-01-9,17.0,35.4,0,10.0,13.1,SSW,37,16:14,24.8,43,0,E,15,1012.1,32.6,31,0,SW,19,1008.0
,2017-01-10,17.3,35.5,0,12.6,13.1,SW,33,16:42,28.0,33,0,E,9,1010.4,34.1,27,0,WSW,17,1008.3
,2017-01-11,21.2,36.0,0,12.4,13.1,SW,39,20:25,29.2,40,0,NE,9,1006.1,30.3,37,1,WSW,15,1003.6
,2017-01-12,17.1,23.5,0.4,10.6,10.8,SW,48,18:05,20.9,51,4,SW,20,1008.2,21.4,51,3,SSW,22,1008.9
,2017-01-13,11.5,26.0,0,8.2,13.1,SSW,37,15:43,18.8,46,0,E,9,1015.7,24.8,42,0,SSW,20,1012.5
,2017-01-14,14.3,37.2,0,9.0,13.1,SW,35,16:26,25.8,37,0,ENE,9,1013.2,35.7,18,0,SSW,15,1009.7
,2017-01-15,15.3,35.1,0,13.0,13.1,SW,39,16:30,28.9,34,0,SSW,6,1008.4,29.9,41,1,SSW,19,1006.1
,2017-01-16,17.7,26.0,0,10.0,11.5,SW,50,15:26,21.3,57,4,S,13,1010.3,24.2,53,1,SW,26,1009.3
,2017-01-17,16.1,30.5,0,7.4,13.2,S,37,14:00,21.5,49,0,SE,13,1014.5,29.6,29,0,ESE,13,1010.9
,2017-01-18,16.7,33.8,0,13.2,9.2,SW,41,22:21,24.1,48,1,ENE,15,1011.0,31.6,30,7,SW,20,1006.4
,2017-01-19,17.3,24.1,0,10.0,11.8,SW,44,15:13,21.2,54,6,SSW,15,1011.8,22.9,54,1,WSW,22,1011.0
,2017-01-20,12.4,26.9,0,10.0,13.1,SW,31,17:20,21.2,49,0,ESE,9,1012.3,24.9,46,0,SSW,17,1009.8
,2017-01-21,14.9,33.1,0,8.2,13.0,SW,39,17:09,24.2,48,0,S,7,1009.0,29.3,36,0,WSW,17,1005.4
,2017-01-22,16.8,24.4,0,9.2,13.0,SSW,46,11:29,22.2,61,1,SSW,15,1010.1,23.1,48,1,SW,22,1010.7
,2017-01-23,12.7,25.0,0,9.2,12.7,SW,39,13:15,20.6,54,1,SSW,11,1016.8,23.4,45,0,SW,20,1015.5
,2017-01-24,13.5,32.2,0,9.4,13.2,SW,35,16:22,22.4,43,0,E,13,1018.0,31.3,30,0,SSW,17,1014.7
,2017-01-25,15.8,39.4,0,10.8,13.2,SSW,31,15:52,28.5,32,0,ENE,13,1016.8,38.9,20,0,SSW,15,1013.0
,2017-01-26,21.3,42.0,0,13.8,13.0,NE,37,08:15,33.0,17,0,NE,19,1012.9,41.5,9,0,WSW,11,1009.3
,2017-01-27,21.4,34.0,0,14.2,12.9,SW,43,16:00,27.4,45,3,S,9,1009.9,31.1,39,1,SSW,19,1007.8
,2017-01-28,20.1,38.8,0,13.0,12.7,E,39,06:31,27.7,42,2,ESE,9,1008.8,33.9,33,1,SW,17,1004.5
,2017-01-29,21.4,25.8,6.2,11.2,0.3,ESE,30,23:43,21.5,90,8,WSW,7,1011.3,24.7,75,8,S,2,1010.3
,2017-01-30,16.7,20.3,7.0,1.4,0.0,E,33,03:22,17.0,92,8,ENE,9,1016.8,18.4,93,8,SE,9,1014.4
,2017-01-31,16.1,22.9,31.8,3.6,0.0,SSE,28,14:43,17.5,92,7,ESE,7,1014.7,19.5,87,7,ESE,9,1012.3
,2017-02-1,16.5,30.3,2.8,1.0,11.2,ESE,28,11:17,22.9,64,1,ESE,9,1017.9,28.7,54,2,E,13,1015.7
,2017-02-2,19.2,31.8,0,6.4,8.0,E,28,10:53,22.8,72,7,E,13,1017.2,30.7,50,1,ESE,9,1012.0
,2017-02-3,19.3,32.6,0,5.4,12.2,SSW,35,16:32,28.3,53,5,SW,7,1009.1,29.7,44,1,SSW,17,1006.9
,2017-02-4,16.5,27.6,0,9.8,12.5,SSW,37,15:43,22.5,62,0,SSW,11,1009.2,26.3,55,0,SW,17,1007.5
,2017-02-5,19.0,30.4,0,10.4,12.6,ESE,35,22:18,22.3,55,1,ESE,11,1012.1,29.3,36,1,SE,13,1008.7
,2017-02-6,16.7,34.1,0,9.6,12.3,SE,39,01:41,22.7,51,0,ESE,13,1010.7,32.8,30,1,E,11,1005.8
,2017-02-7,20.8,30.3,0,9.6,7.8,SW,50,18:23,27.3,57,6,SSE,6,1004.3,22.3,63,6,SW,24,1004.4
,2017-02-8,14.9,26.6,0,7.6,12.5,SSE,50,16:13,17.6,52,6,SSE,20,1012.7,25.7,26,2,SE,17,1009.9
,2017-02-9,14.1,17.4,2.6,10.0,0.0,SE,44,16:28,14.9,86,7,SE,11,1012.5,16.9,85,7,SE,13,1008.8
,2017-02-10,14.8,22.4,114.4,14.4,0.0,SE,41,02:14,16.5,92,8,SE,19,1007.5,19.3,94,8,SE,9,1007.2
,2017-02-11,16.5,26.2,15.0,2.0,4.6,ESE,50,05:13,21.9,74,7,ESE,13,1010.3,24.5,65,7,E,15,1010.8
,2017-02-12,20.1,28.3,0,3.8,7.5,E,43,02:52,21.4,72,7,E,20,1015.1,27.1,55,6,E,17,1013.9
,2017-02-13,21.4,34.0,0,10.6,7.2,ENE,28,00:02,26.0,67,7,ENE,15,1013.4,32.3,51,7,SSE,9,1010.4
,2017-02-14,23.8,30.7,0,4.6,11.0,SW,30,13:36,26.7,72,6,WSW,9,1012.4,29.6,58,1,SW,11,1012.4
,2017-02-15,20.6,32.4,0,8.0,9.0,ENE,22,09:00,25.0,71,7,E,11,1015.1,31.3,52,7,SSW,13,1011.9
,2017-02-16,18.6,30.8,0,8.2,11.3,ENE,28,01:07,22.8,62,1,E,9,1014.9,29.4,47,1,SW,13,1012.3
,2017-02-17,16.2,32.4,0,8.4,12.3,ENE,31,10:09,21.8,53,0,ESE,9,1018.5,32.0,33,0,ESE,11,1015.7
,2017-02-18,17.9,35.1,0,9.0,12.4,NE,33,08:34,23.5,51,0,ENE,15,1019.4,34.5,32,0,E,13,1015.7
,2017-02-19,23.4,37.7,0,11.0,12.3,W,33,13:07,30.1,33,0,NE,17,1014.3,34.2,38,1,NW,13,1011.4
,2017-02-20,20.4,26.4,0,8.8,11.3,SW,35,16:41,22.9,65,3,SSW,11,1013.4,23.0,56,4,WSW,17,1010.7
,2017-02-21,16.5,22.1,2.4,12.0,10.2,WSW,48,09:50,19.1,57,7,SW,26,1014.3,21.3,45,4,SW,22,1015.5
,2017-02-22,10.1,24.1,0,7.0,11.9,SSW,33,16:07,19.0,59,3,SE,13,1021.9,22.8,49,1,SSW,17,1019.8
,2017-02-23,12.7,30.6,0,7.8,11.9,SSW,31,16:07,22.2,58,1,E,7,1021.9,29.1,42,0,SSW,13,1018.7
,2017-02-24,16.2,36.5,0,9.6,12.1,NE,33,09:35,26.4,42,0,ENE,17,1020.6,35.3,18,0,ENE,13,1016.8
,2017-02-25,18.3,39.3,0,9.8,12.1,NE,31,08:16,29.9,28,0,NE,15,1015.5,39.1,12,0,SE,7,1011.3
,2017-02-26,18.0,29.4,0,10.8,12.1,SW,30,18:45,24.0,69,1,SSW,13,1011.7,26.5,53,1,WSW,13,1011.6
,2017-02-27,15.7,29.8,0,5.8,11.8,SW,33,16:59,23.4,55,1,S,6,1015.3,28.5,47,1,WSW,13,1013.5
,2017-02-28,17.9,33.0,0,7.4,11.9,SW,24,13:17,25.5,57,1,ESE,7,1014.8,31.0,45,3,WSW,13,1012.3
,2017-03-1,20.1,37.7,0,8.4,11.5,NE,41,23:13,28.2,55,1,E,9,1013.8,37.2,34,1,SW,11,1010.9
,2017-03-2,22.9,29.9,2.4,10.0,0.7,NNW,26,02:53,24.1,89,8,SSW,11,1015.4,25.1,81,8,SW,9,1015.5
,2017-03-3,20.3,35.2,0.2,2.2,11.1,SSW,28,14:14,26.5,66,2,SE,6,1016.2,32.6,45,1,SSW,17,1013.2
,2017-03-4,22.9,36.1,0,9.0,11.6,SSE,26,16:13,27.3,51,3,ESE,7,1015.6,35.7,35,3,SE,13,1012.6
,2017-03-5,21.3,36.2,0,9.2,11.4,SSW,35,16:54,25.4,56,1,E,13,1015.9,34.9,29,4,SE,7,1012.0
,2017-03-6,19.2,34.7,0,8.0,11.8,SW,26,18:14,27.3,54,1,ESE,2,1013.4,33.3,38,0,SW,13,1010.6
,2017-03-7,17.9,33.8,0,9.0,10.8,SW,30,16:01,24.3,73,1,ENE,2,1013.2,31.8,51,7,WSW,15,1009.3
,2017-03-8,20.7,34.5,0,7.4,11.7,WSW,28,16:11,25.9,57,3,SE,7,1010.9,33.7,41,7,SSW,9,1008.1
,2017-03-9,18.1,31.9,0,7.6,11.0,SE,31,20:21,22.4,68,5,SE,9,1012.8,30.4,43,1,SSE,11,1009.3
,2017-03-10,19.5,29.9,0,7.0,11.3,SSE,39,15:12,22.3,62,1,SE,17,1013.5,29.0,39,0,SSE,17,1011.1
,2017-03-11,15.6,30.9,0,7.4,10.9,E,37,08:33,19.9,58,2,ESE,17,1017.0,29.7,31,3,SE,15,1013.3
,2017-03-12,18.5,24.8,0,11.2,0.5,NE,37,13:41,21.4,48,7,E,11,1011.2,20.7,87,8,WNW,9,1008.5
,2017-03-13,20.6,24.2,8.4,2.2,3.9,NW,39,07:13,22.7,75,7,WNW,13,1007.4,23.2,58,7,W,19,1008.6
,2017-03-14,18.7,24.1,2.4,5.0,7.3,NW,46,10:59,21.2,70,6,WNW,17,1011.1,22.3,56,7,NW,22,1010.1
,2017-03-15,16.6,24.0,1.6,5.8,10.6,SW,35,14:53,18.6,59,4,S,17,1019.3,22.5,39,1,SSW,19,1017.9
,2017-03-16,13.0,28.3,0,8.0,11.1,SSW,31,16:13,19.8,52,0,ENE,13,1018.3,27.8,29,0,N,4,1013.3
,2017-03-17,11.7,24.6,0,4.8,10.1,SW,31,12:07,19.0,57,0,SSW,11,1011.3,22.5,60,3,SW,15,1010.9
,2017-03-18,16.8,19.8,1.2,5.4,0.1,S,35,09:40,17.1,92,8,S,13,1017.3,18.7,64,8,S,13,1018.3
,2017-03-19,10.3,23.8,0.4,4.0,11.2,S,31,13:07,17.1,56,1,SSE,9,1024.7,23.4,33,0,S,15,1020.4
,2017-03-20,12.6,26.2,0,6.2,10.4,SE,28,12:13,17.9,52,0,E,13,1020.3,25.3,33,2,ESE,11,1014.2
,2017-03-21,17.5,21.4,0,8.0,1.2,E,39,17:36,19.4,53,7,ENE,13,1009.9,18.3,78,7,ESE,13,1005.7
,2017-03-22,16.2,24.0,3.8,2.6,7.4,N,41,03:24,21.0,70,5,NW,17,1007.8,23.0,61,5,NW,15,1007.9
,2017-03-23,16.8,24.2,0.8,4.6,9.6,SW,33,17:04,19.8,79,5,SSW,13,1013.6,22.6,61,5,SW,17,1012.6
,2017-03-24,14.7,26.3,0,3.4,10.6,SSW,30,16:14,19.8,74,1,SSE,7,1016.5,25.0,56,4,SW,15,1012.5
,2017-03-25,15.7,27.2,0,5.6,10.9,E,44,02:16,21.2,64,1,E,11,1012.3,25.8,54,1,WSW,11,1008.6
,2017-03-26,16.6,22.4,2.2,5.6,9.4,SW,44,10:01,20.1,48,3,SW,24,1013.3,19.9,51,4,SW,22,1015.9
,2017-03-27,8.3,23.3,0.2,6.2,10.3,SSW,30,17:11,16.5,62,1,NE,7,1023.8,22.5,36,5,SW,17,1019.7
,2017-03-28,9.5,22.9,0,5.4,7.8,SW,31,16:07,17.9,67,2,S,2,1019.7,21.5,64,6,SW,17,1017.6
,2017-03-29,12.9,24.9,0,4.0,11.0,SE,33,10:09,16.9,53,0,E,9,1025.1,24.3,28,0,E,15,1021.6
,2017-03-30,12.1,28.0,0,7.4,11.1,E,31,00:29,18.6,50,0,ENE,13,1023.3,27.5,28,0,SSE,11,1020.1
,2017-03-31,9.6,29.9,0,6.2,10.9,SSE,24,14:05,20.7,44,1,SSE,6,1023.1,29.5,21,0,SE,9,1020.5
,2017-04-1,14.9,30.1,0,8.2,10.8,NE,33,11:55,20.3,51,0,E,11,1023.9,29.5,25,0,ENE,7,1020.3
,2017-04-2,17.4,31.6,0,8.0,10.9,NE,35,08:56,23.5,34,0,NE,17,1021.4,30.7,20,0,SE,9,1018.6
,2017-04-3,12.1,31.8,0,6.8,10.8,SSW,33,15:14,23.1,39,0,SSE,6,1022.7,29.3,34,0,SSW,19,1020.8
,2017-04-4,15.4,30.4,0,7.0,10.7,E,28,03:01,19.8,64,0,ESE,11,1024.9,29.7,29,0,S,9,1020.3
,2017-04-5,12.3,30.4,0,5.2,10.6,S,19,13:10,21.7,55,0,NE,6,1018.2,27.7,37,0,WSW,11,1013.5
,2017-04-6,13.7,24.4,0,5.2,8.1,SW,43,16:16,17.1,94,7,NE,2,1013.1,22.8,63,3,SSW,20,1011.7
,2017-04-7,14.8,22.3,0,5.4,8.9,SSE,35,06:26,16.4,56,5,SSE,17,1023.6,21.3,33,3,SSE,4,1021.6
,2017-04-8,8.7,23.6,0,5.0,10.5,SW,33,15:41,16.0,58,0,SE,7,1027.6,22.1,44,0,SW,17,1024.5
,2017-04-9,11.1,27.4,0,4.8,10.4,ESE,24,10:30,18.1,56,0,ENE,13,1027.4,26.8,26,0,NE,9,1023.1
,2017-04-10,10.0,30.1,0,5.6,10.4,SSW,24,16:38,19.3,51,4,E,9,1022.7,30.0,20,1,E,6,1018.4
,2017-04-11,13.1,28.1,0,6.6,10.5,SW,28,15:02,21.8,38,0,NE,9,1016.6,26.6,35,0,SW,13,1015.7
,2017-04-12,10.6,23.8,0,5.2,9.7,SW,35,16:19,17.4,69,6,ENE,9,1021.5,23.0,52,1,SW,15,1019.9
,2017-04-13,12.9,26.8,0,4.2,10.4,SSW,31,15:56,19.9,64,1,ESE,11,1024.3,25.5,49,1,SW,15,1020.1
,2017-04-14,12.8,29.0,0,5.8,6.2,SW,22,15:43,18.1,73,4,SSE,2,1019.3,27.6,42,5,SSW,11,1015.4
,2017-04-15,14.8,29.3,0,4.0,7.3,SSE,31,22:03,18.5,73,6,S,11,1015.7,28.2,38,7,SE,9,1011.7
,2017-04-16,17.2,25.1,0,5.4,7.0,SSE,35,00:43,18.8,66,4,ESE,11,1014.6,24.4,54,5,SW,11,1011.6
,2017-04-17,15.4,21.8,0,5.0,2.5,SSW,24,07:56,17.8,74,5,S,13,1015.3,21.4,59,8,SSW,11,1013.2
,2017-04-18,15.3,25.0,0,4.0,8.0,SSW,31,19:02,19.7,72,6,SSE,9,1013.0,22.8,63,1,SW,15,1010.4
,2017-04-19,14.1,25.6,0,2.4,10.1,WSW,26,14:50,18.5,75,0,SSE,4,1018.4,23.5,52,2,SW,15,1017.5
,2017-04-20,11.2,28.6,0,5.6,10.3,SW,26,15:54,19.0,69,0,S,2,1021.7,26.9,41,2,WSW,15,1018.1
,2017-04-21,12.2,28.3,0,4.0,10.0,WSW,24,15:18,20.5,60,7, ,Calm,1020.2,26.9,46,6,SW,11,1017.2
,2017-04-22,15.3,28.6,0,4.4,10.0,SSW,26,15:48,22.0,61,3,ESE,6,1019.7,27.4,45,6,SSW,13,1017.3
,2017-04-23,16.5,28.1,0,5.4,10.3,SE,30,17:20,19.8,70,3,ESE,7,1020.8,28.1,40,5,SE,11,1017.0
,2017-04-24,14.6,26.0,0,6.0,10.3,SSW,28,16:52,18.6,68,1,ENE,7,1022.4,24.2,47,1,SW,15,1019.2
,2017-04-25,13.2,24.2,0,5.0,10.2,SW,28,17:20,15.8,69,1,SSE,11,1026.8,23.4,45,1,WSW,13,1023.5
,2017-04-26,8.3,26.1,0,1.4,8.8,SSW,28,15:02,17.9,58,1,E,6,1027.6,24.0,44,6,SW,17,1024.2
,2017-04-27,12.0,26.3,0,4.4,10.0,SW,26,16:38,18.9,51,1,E,7,1027.0,25.0,30,1,WSW,11,1023.3
,2017-04-28,9.6,26.7,0,4.0,10.0,S,33,14:00,18.2,52,1,S,6,1026.2,24.4,37,0,SW,15,1022.8
,2017-04-29,8.7,27.6,0,5.0,10.0,WSW,22,15:08,18.1,46,0,ENE,6,1024.1,26.0,28,0,WSW,13,1020.7
,2017-04-30,8.7,23.9,0,4.2,9.3,SSW,31,11:43,16.5,65,4, ,Calm,1022.9,23.0,60,4,SSW,17,1020.6
,2017-05-1,12.1,24.1,0,4.2,9.5,E,24,05:15,16.7,62,4,E,9,1026.3,23.3,40,1,SSE,9,1023.3
,2017-05-2,10.4,26.4,0,5.4,8.0,E,48,05:45,16.8,57,3,E,7,1025.7,25.8,33,5,ENE,7,1021.5
,2017-05-3,13.0,29.2,0,4.0,9.0,N,33,10:03,20.4,47,6,NE,13,1020.4,26.1,37,7,WNW,13,1017.5
,2017-05-4,14.2,24.2,0,3.6,5.8,W,24,12:21,20.1,78,7,ENE,6,1018.3,22.4,65,7,W,11,1017.1
,2017-05-5,16.0,24.3,7.8,2.2,8.6,SSW,22,10:45,19.3,88,4, ,Calm,1022.1,23.2,55,2,SSW,9,1021.7
,2017-05-6,12.2,26.3,0.2,3.4,9.5,NE,20,11:24,17.5,75,6,ESE,7,1027.4,25.5,42,5,E,6,1024.3
,2017-05-7,11.7,30.8,0,4.0,9.7,NNE,31,10:58,20.7,55,0,NE,13,1023.8,29.9,28,0,W,9,1020.0
,2017-05-8,13.3,26.4,0,4.0,7.8,N,24,12:22,18.1,56,7,NNE,11,1020.6,24.1,67,7,WNW,13,1017.0
,2017-05-9,17.4,20.7,2.2,2.0,2.0,SSE,28,10:47,18.0,87,7,SE,6,1019.8,20.0,55,7,SW,13,1019.5
,2017-05-10,8.6,21.6,0,6.8,8.8,SSE,28,10:14,15.8,59,3,SSE,4,1023.2,20.5,39,5,S,13,1020.6
,2017-05-11,10.0,22.1,0,3.2,7.6,SW,28,16:51,15.6,71,2,SSE,2,1023.1,21.4,45,4,SW,11,1019.6
,2017-05-12,8.6,22.5,0,3.2,9.1,ENE,24,09:18,13.1,79,4,E,9,1022.0,22.1,37,3,NNW,4,1018.4
,2017-05-13,8.0,22.9,0,2.8,7.2,W,22,14:22,14.3,67,0,SW,6,1020.3,21.2,39,7,W,9,1018.6
,2017-05-14,11.7,25.0,0,4.2,6.2,NW,44,15:22,18.4,49,7,NNE,11,1013.1,22.1,62,7,NNW,17,1009.1
,2017-05-15,15.7,20.7,3.0,3.2,4.2,WNW,54,10:23,19.8,61,4,WNW,20,1008.4,18.9,62,4,WSW,15,1008.2
,2017-05-16,14.5,21.5,7.6,3.6,6.1,SW,35,01:06,16.0,80,7,S,9,1015.4,21.2,52,4,S,7,1015.4
,2017-05-17,10.1,20.4,0,2.2,9.5,NNE,30,12:42,15.6,79,1,ENE,6,1021.6,20.0,58,1,ENE,11,1019.5
,2017-05-18,9.4,25.9,0,2.8,9.1,N,35,11:07,16.9,59,3,NNE,13,1019.0,24.0,37,1,NW,13,1016.7
,2017-05-19,15.4,22.9,1.0,3.6,4.1,SW,37,19:56,17.2,97,8,NNE,7,1014.2,21.4,63,5,WNW,15,1011.4
,2017-05-20,10.9,16.9,8.2,4.0,1.4,NE,24,10:32,13.0,86,8,SSW,2,1015.0,15.2,82,7,NE,7,1011.6
,2017-05-21,12.2,18.2,17.2,1.4,4.3,WSW,50,07:38,15.1,85,7,WSW,17,1006.3,14.6,74,5,SW,19,1009.5
,2017-05-22,8.5,19.9,16.0,2.2,6.0,W,22,14:29,11.5,94,7,N,6,1019.9,18.3,61,6,SW,6,1019.6
,2017-05-23,11.5,17.9,5.2,2.2,0.2,N,46,14:41,14.1,99,8,NNE,7,1023.1,17.5,87,7,NW,6,1021.1
,2017-05-24,12.5,21.4,1.0,1.2,8.0,WNW,22,13:04,15.6,90,1,NNE,7,1022.5,20.9,55,3,W,9,1020.3
,2017-05-25,7.4,22.4,0,2.0,9.4,NNE,20,12:33,13.4,94,1,W,6,1022.1,21.6,46,1,WNW,9,1018.9
,2017-05-26,10.0,19.4,1.4,2.8,6.7,SSE,30,13:54,16.2,90,0,SSE,9,1021.1,18.7,60,3,SSW,11,1020.1
,2017-05-27,7.6,18.8,0,2.2,9.0,SE,43,15:19,12.6,72,1,SE,9,1026.4,17.9,50,2,SSE,13,1024.3
,2017-05-28,4.9,19.4,0,2.2,9.2,ENE,50,11:00,12.5,75,0,E,7,1027.7,18.8,48,2,E,7,1024.2
,2017-05-29,5.8,21.6,0,2.4,8.6,ENE,20,07:25,12.5,69,1,E,9,1026.2,20.7,42,0,SSE,9,1022.5
,2017-05-30,9.3,24.9,0,3.6,8.2,NNE,28,10:21,16.5,51,2,NE,13,1022.8,22.5,46,7,WSW,9,1020.4
,2017-05-31,7.7,25.8,0,3.0,8.0,NNE,20,11:02,12.2,96,7, ,Calm,1022.0,24.6,34,1,W,11,1019.7
,2017-06-1,8.2,22.8,0,2.4,7.7,WSW,20,13:02,11.7,94,7,WNW,6,1022.1,22.0,60,2,SW,9,1021.5
,2017-06-2,8.7,24.2,0,2.2,8.1,NW,22,13:48,14.0,89,1,S,9,1025.2,22.3,67,3,WNW,9,1023.1
,2017-06-3,10.3,22.7,0,1.4,7.7,SW,20,16:44,13.6,96,5,NE,6,1027.8,22.1,62,7,SSW,7,1025.5
,2017-06-4,12.1,22.2,0,1.8,9.1,SSE,22,20:12,15.5,84,1,SSE,9,1029.7,21.8,57,1,S,9,1025.9
,2017-06-5,9.7,25.6,0,1.8,9.2,NNE,20,11:24,15.4,75,0,ENE,6,1027.4,24.4,35,1,NE,7,1023.5
,2017-06-6,8.6,25.4,0,2.4,7.7,NNE,33,09:58,16.3,52,1,NE,11,1024.2,24.1,18,6,N,7,1020.8
,2017-06-7,5.9,22.6,0,4.4,9.1,SE,19,13:24,13.0,70,0, ,Calm,1026.9,22.3,42,0,SE,7,1025.4
,2017-06-8,8.5,22.5,0,2.2,9.2,ESE,28,03:09,14.3,74,1,E,4,1030.7,22.2,31,0,ENE,9,1027.2
,2017-06-9,1.9,24.3,0,4.8,9.3,NNE,31,11:07,14.6,34,1,NE,13,1029.7,23.9,15,1,N,9,1026.3
,2017-06-10,6.0,21.0,0,3.8,1.9,NNE,26,10:59,14.4,41,7,NNE,7,1026.9,20.6,23,7,NE,11,1023.7
,2017-06-11,8.1,23.6,0,3.2,4.5,ENE,30,12:13,12.8,45,7,NE,6,1023.8,23.2,20,7,NE,11,1021.1
,2017-06-12,6.4,24.2,0,3.8,7.6,NE,35,09:20,16.6,37,7,ENE,11,1021.2,23.3,23,1,NE,9,1018.5
,2017-06-13,6.7,24.6,0,3.4,5.6,N,22,13:43,14.4,43,3,NE,7,1016.8,22.4,34,7,NW,7,1014.5
,2017-06-14,12.9,20.9,26.2,3.4,4.3,SSE,22,00:18,13.5,95,6,SSE,2,1019.9,19.8,63,7,E,4,1018.7
,2017-06-15,10.9,19.6,0,3.2,6.5,,,,15.0,86,2,SSE,6,1024.6,18.7,64,5,SE,11,1023.5
,2017-06-16,6.5,21.2,0,1.0,8.3,S,20,20:09,12.7,97,1,SE,4,1027.3,20.4,50,2,SW,7,1024.7
,2017-06-17,7.0,21.6,0,2.4,9.0,E,19,13:56,12.0,96,1, ,Calm,1029.3,21.0,49,1,NE,9,1026.1
,2017-06-18,7.5,23.4,0,1.8,9.2,NNE,28,11:20,14.2,67,0,ENE,13,1026.9,22.2,41,0,ENE,6,1022.9
,2017-06-19,5.5,23.0,0,3.0,9.1,SW,19,13:49,11.5,84,1,ENE,4,1023.0,22.0,55,2,W,9,1020.3
,2017-06-20,7.8,22.5,0,2.8,9.1,NW,26,12:59,13.5,98,1,W,7,1019.3,21.6,59,1,NNW,11,1015.9
,2017-06-21,10.3,19.9,0.2,1.8,7.5,NW,37,15:38,13.0,89,5,NNE,9,1017.1,18.5,60,6,NNW,15,1013.8
,2017-06-22,13.0,16.8,61.2,3.6,0.0,SSW,46,18:52,16.4,90,7,W,17,1005.6,15.6,75,7,SW,17,1008.9
,2017-06-23,13.3,18.9,0.4,1.8,6.5,SE,37,16:35,15.1,85,6,SE,11,1019.2,18.0,65,6,ESE,11,1019.4
,2017-06-24,11.5,18.2,0,3.8,9.3,SE,30,10:56,14.0,62,1,ESE,9,1025.9,17.6,47,3,ESE,11,1023.4
,2017-06-25,6.3,17.0,0,1.6,7.9,E,26,14:20,11.5,75,1,SE,4,1028.6,15.6,49,3,SE,11,1026.0
,2017-06-26,3.5,17.8,0,2.4,8.4,SW,24,14:32,10.0,77,1,ENE,7,1028.6,17.3,46,1,SW,11,1026.0
,2017-06-27,4.7,18.5,0,2.6,7.5,SSE,20,12:49,10.9,78,1,SW,6,1029.3,18.4,48,5,S,11,1027.4
,2017-06-28,6.3,18.7,0,2.0,9.1,NE,28,11:55,11.4,76,0,E,6,1033.6,18.5,47,1,ENE,7,1030.6
,2017-06-29,3.4,18.7,0,3.2,9.1,NE,37,12:15,11.6,60,0,NNE,7,1031.3,18.6,35,0,NNE,11,1026.1
,2017-06-30,5.3,19.8,0,4.0,2.8,NW,52,14:27,12.7,46,4,N,13,1018.2,16.9,83,7,W,20,1014.2
,2017-07-1,8.9,17.5,2.8,2.2,0.6,WSW,59,11:23,15.8,72,6,NW,13,1012.9,9.1,95,8,SSE,7,1013.3
,2017-07-2,6.0,14.6,21.8,1.6,4.2,S,22,11:38,8.2,99,6, ,Calm,1022.3,14.3,52,6,SSW,11,1021.0
,2017-07-3,7.3,16.7,0.2,2.0,4.6,NW,24,14:02,9.4,95,5,NNE,9,1022.5,15.4,64,5,NNW,11,1020.1
,2017-07-4,6.4,15.3,4.8,1.4,1.2,NNE,13,10:49,8.7,99,6,SE,7,1024.5,14.6,71,7,NNE,4,1022.0
,2017-07-5,8.7,15.5,3.6,1.8,2.8,SW,50,13:42,13.7,88,7,NW,13,1016.5,11.7,76,1,SSW,13,1018.7
,2017-07-6,5.4,15.3,13.6,4.2,5.5,N,22,23:38,8.6,89,5,N,9,1024.3,15.0,61,7,NNW,7,1022.1
,2017-07-7,8.6,16.8,11.4,1.0,6.9,W,39,04:45,12.3,97,6, ,Calm,1018.4,15.9,65,3,SW,17,1018.5
,2017-07-8,4.9,,0.2,1.4,,,,,10.6,95,1,S,2,1027.1,16.3,49,2,S,9,1025.0
