,"Date","Minimum temperature (°C)","Maximum temperature (°C)","Rainfall (mm)","Evaporation (mm)","Sunshine (hours)","Direction of maximum wind gust ","Speed of maximum wind gust (km/h)","Time of maximum wind gust","9am Temperature (°C)","9am relative humidity (%)","9am cloud amount (oktas)","9am wind direction","9am wind speed (km/h)","9am MSL pressure (hPa)","3pm Temperature (°C)","3pm relative humidity (%)","3pm cloud amount (oktas)","3pm wind direction","3pm wind speed (km/h)","3pm MSL pressure (hPa)"
,2016-06-1,10.9,17.9,29.4,0.6,1.4,W,24,01:32,13.1,89,7,W,15,1029.1,16.0,74,7,ENE,7,1026.6
,2016-06-2,11.1,19.1,1.0,2.4,8.7,,,,12.3,85,2,W,19,1027.0,18.6,60,7,SSE,15,1024.3
,2016-06-3,11.7,18.3,0.2,2.4,1.3,WSW,28,20:25,13.3,78,7,WNW,11,1025.4,18.3,73,7,S,11,1021.6
,2016-06-4,13.3,21.1,64.4,,0.0,ENE,89,23:43,17.0,91,8,NNE,13,1015.4,18.8,82,8,NE,30,1009.5
,2016-06-5,16.3,19.7,93.8,,0.0,ENE,96,14:16,18.8,89,8,NE,31,1002.5,19.7,85,8,ENE,57,995.9
,2016-06-6,13.7,18.4,68.4,12.6,2.2,W,59,15:47,14.9,59,7,W,28,999.8,17.9,43,7,WSW,28,998.4
,2016-06-7,11.3,19.9,0,5.2,3.6,WNW,44,17:59,13.8,59,4,NNW,20,1004.1,17.9,40,7,WNW,20,1002.7
,2016-06-8,10.9,20.7,0,1.8,9.3,WNW,31,14:27,13.8,65,1,WNW,15,1011.4,20.2,40,1,WNW,15,1009.2
,2016-06-9,13.8,22.0,0.2,4.8,6.0,NW,59,10:06,17.4,62,7,NNW,31,1006.8,21.6,32,1,WNW,17,1005.9
,2016-06-10,13.1,21.4,0.2,6.2,9.1,W,35,10:35,15.3,64,1,WNW,15,1017.4,20.8,41,1,WNW,7,1016.8
,2016-06-11,10.1,19.8,0,3.2,8.7,WSW,54,02:15,13.4,53,1,W,24,1022.5,19.3,34,5,W,19,1020.7
,2016-06-12,7.9,18.1,0,5.4,8.3,SW,33,00:32,9.4,62,4,W,22,1036.2,17.6,34,1,S,7,1034.9
,2016-06-13,8.5,20.3,0,1.0,6.5,W,30,08:06,10.3,65,5,W,20,1039.0,17.7,51,1,E,9,1035.5
,2016-06-14,9.9,21.2,0,2.2,9.6,,,,11.6,80,1,W,15,1035.8,20.9,42,4,WNW,6,1031.6
,2016-06-15,9.1,20.5,0,3.4,8.2,WNW,26,03:31,10.6,72,5,WNW,17,1033.4,19.2,45,3,E,9,1029.8
,2016-06-16,10.2,22.2,0,2.2,9.6,NNW,30,11:00,12.9,81,1,W,13,1025.5,21.2,42,1,N,11,1019.3
,2016-06-17,12.7,19.3,0,3.6,1.4,NNW,30,08:41,17.4,53,6,NNW,20,1017.7,18.7,60,7,N,17,1014.6
,2016-06-18,14.7,21.1,5.0,3.6,3.4,SSW,31,21:08,15.4,90,7,E,6,1017.4,20.7,64,6,ESE,4,1015.4
,2016-06-19,14.5,19.5,0.4,0.8,0.0,NNE,52,21:07,15.2,81,7,W,13,1017.2,16.7,89,8,ESE,20,1010.4
,2016-06-20,15.0,20.4,38.8,2.2,3.5,NNW,52,15:58,16.2,76,6,NNW,9,999.5,17.9,52,6,NW,22,994.2
,2016-06-21,14.9,18.4,0,6.0,5.5,NW,59,05:01,15.8,56,7,NW,22,1003.3,17.8,38,4,WNW,28,1002.0
,2016-06-22,12.8,19.7,0,4.4,9.0,W,50,14:44,15.0,60,2,NW,17,1004.8,19.3,34,1,W,28,1005.0
,2016-06-23,9.4,18.5,0,5.0,8.2,NNW,35,15:07,12.8,58,7,NNW,7,1012.6,17.4,43,4,NNW,24,1007.4
,2016-06-24,12.7,16.3,0,3.8,6.5,W,69,13:13,15.8,52,5,WNW,13,1003.8,14.4,33,3,W,43,1003.2
,2016-06-25,7.3,15.1,0.6,5.4,9.6,W,54,01:10,8.4,49,1,W,28,1018.1,14.3,31,1,S,17,1018.1
,2016-06-26,5.6,15.3,0,3.6,5.2,W,39,03:05,7.4,61,6,W,20,1021.1,13.7,45,7,W,7,1017.0
,2016-06-27,7.4,11.7,0,2.2,0.0,W,46,22:57,9.3,74,8,W,26,1015.3,11.0,74,8,SW,9,1013.6
,2016-06-28,7.7,17.3,2.4,1.4,8.9,WSW,46,04:55,9.6,57,1,W,31,1022.9,16.9,36,1,SSW,13,1023.1
,2016-06-29,6.7,18.8,0.2,4.0,9.6,W,31,04:07,8.8,66,1,W,22,1028.4,18.6,33,1,N,4,1025.4
,2016-06-30,5.4,16.5,0,1.8,,NW,44,21:58,7.7,78,1,W,11,1021.2,14.5,33,7,NNW,24,1015.1
,2016-07-1,7.7,16.7,0,4.0,,NW,52,01:49,11.0,58,7,WNW,13,1015.7,16.4,33,1,WSW,20,1016.2
,2016-07-2,8.2,18.2,0,2.8,9.5,W,37,00:09,10.1,62,1,W,24,1025.5,17.8,36,1,W,17,1023.2
,2016-07-3,6.5,18.1,0,3.6,9.5,W,24,09:27,9.2,72,1,W,17,1026.6,16.5,42,0,ENE,13,1022.6
,2016-07-4,6.4,15.6,0,3.4,7.5,W,22,00:41,7.6,77,5,WNW,13,1020.8,14.4,58,7,SE,6,1016.2
,2016-07-5,7.5,18.8,4.8,0.6,5.8,NW,46,23:42,9.6,90,8,W,11,1011.9,17.7,55,2,NW,17,1006.1
,2016-07-6,9.5,17.7,0.2,4.4,4.8,W,61,11:39,12.9,54,6,WNW,22,1004.0,15.9,47,6,WSW,31,1003.0
,2016-07-7,12.9,17.2,29.4,6.4,1.6,S,50,10:55,14.9,85,7,S,19,1015.4,14.6,86,7,WSW,22,1016.5
,2016-07-8,12.4,15.6,22.4,,0.0,W,28,00:42,12.7,92,8,W,17,1019.8,15.5,80,8,SSW,7,1018.4
,2016-07-9,8.7,18.0,2.2,0.6,5.2,SW,30,19:13,10.5,88,3,WNW,20,1023.5,16.4,64,5,S,13,1022.4
,2016-07-10,10.5,17.9,1.0,1.8,7.3,W,30,04:51,11.9,90,3,WNW,13,1025.1,16.7,69,3,E,15,1021.3
,2016-07-11,11.8,18.6,0,3.2,0.3,NW,69,13:42,15.5,63,7,N,20,1015.2,18.3,54,7,N,39,1009.7
,2016-07-12,14.8,20.2,0.2,1.2,7.8,NW,54,16:40,16.6,41,6,WNW,15,1010.3,18.7,26,7,NW,33,1007.1
,2016-07-13,9.6,14.0,0,8.0,9.8,W,72,13:08,10.5,40,3,WNW,37,1017.3,13.3,26,7,WSW,37,1019.8
,2016-07-14,6.7,17.0,0,5.2,9.6,WSW,50,21:53,8.6,54,7,W,30,1029.4,16.4,27,2,W,20,1025.9
,2016-07-15,6.4,17.7,0,3.0,9.5,W,31,10:16,8.8,60,1,W,22,1030.3,16.9,35,2,E,4,1027.3
,2016-07-16,6.9,18.9,0,1.8,4.7,W,28,08:00,9.3,71,2,W,19,1033.3,17.1,65,7,SSE,15,1030.2
,2016-07-17,9.2,18.8,0.8,1.8,3.2,WNW,24,09:37,13.3,91,7,W,13,1031.2,17.8,73,7,ESE,2,1027.1
,2016-07-18,11.0,24.2,0,1.2,8.9,WNW,30,13:54,11.5,92,1,W,9,1024.6,23.9,45,0,WNW,15,1019.8
,2016-07-19,11.4,24.9,0.2,3.2,6.2,NW,20,00:48,18.0,71,7, ,Calm,1021.7,23.0,58,5,NE,6,1019.1
,2016-07-20,16.5,16.9,17.0,2.4,0.0,SW,35,20:20,16.7,91,8,S,9,1019.7,16.2,90,8,WSW,13,1018.4
,2016-07-21,13.9,19.3,20.4,1.8,2.6,W,31,03:48,14.6,92,7,W,15,1019.9,17.6,79,5,NW,2,1016.1
,2016-07-22,13.1,25.7,0,0.2,7.4,NNW,52,13:08,19.3,66,6,NNW,30,1009.1,25.1,44,4,NW,30,1001.0
,2016-07-23,14.5,17.4,6.0,7.6,10.0,WNW,69,07:46,14.5,35,1,WNW,44,1004.3,17.0,31,1,W,43,1003.8
,2016-07-24,7.8,14.3,0,4.0,5.4,WSW,46,02:35,8.7,50,7,W,22,1015.8,13.6,39,2,NW,15,1012.1
,2016-07-25,8.4,17.9,0,4.0,9.9,W,44,16:36,12.2,50,1,NNW,19,1012.7,17.1,31,1,WNW,24,1011.3
,2016-07-26,10.2,17.9,0,4.8,9.9,WNW,39,19:57,14.0,52,1,N,6,1014.7,17.7,47,1,E,9,1012.8
,2016-07-27,10.8,18.6,0,5.4,10.1,W,63,12:36,14.7,53,2,NW,19,1012.2,18.5,32,3,WSW,26,1013.3
,2016-07-28,8.8,19.4,0,4.0,10.1,WSW,48,20:33,11.1,57,1,W,19,1024.3,19.0,34,0,WNW,11,1020.5
,2016-07-29,7.3,18.5,0,4.0,10.1,WSW,50,19:29,9.8,61,1,W,24,1023.0,17.6,34,2,WNW,11,1018.0
,2016-07-30,8.7,19.8,0,4.2,10.0,W,33,00:38,10.4,63,1,W,26,1023.3,17.9,50,3,ESE,9,1020.2
,2016-07-31,10.4,20.9,0,2.8,3.2,W,24,07:22,11.9,75,7,W,15,1018.0,20.5,37,2,WNW,7,1015.3
,2016-08-1,10.9,18.4,0,2.2,0.7,W,22,08:27,13.3,66,6,WNW,6,1017.2,17.0,54,8,W,6,1013.0
,2016-08-2,11.5,15.8,0.4,1.0,0.9,SE,54,23:45,12.8,76,7,W,15,1013.7,13.2,77,8,S,24,1013.9
,2016-08-3,10.7,14.6,24.8,2.6,0.2,S,63,22:26,13.6,77,8,SE,31,1018.0,12.6,89,8,SSE,24,1017.7
,2016-08-4,10.8,18.1,61.0,9.4,,SE,61,03:11,11.6,90,6,W,15,1024.3,15.5,60,7,SSW,19,1025.1
,2016-08-5,9.7,16.2,4.0,3.2,2.7,SW,35,11:50,11.2,90,6,W,20,1030.4,14.7,67,6,SSW,17,1028.3
,2016-08-6,9.2,15.5,1.8,2.6,2.2,SSE,31,11:29,10.8,78,7,W,17,1029.0,14.7,71,7,SE,7,1026.8
,2016-08-7,10.3,16.4,0.6,0.6,2.6,W,33,19:09,12.4,80,7,W,15,1027.4,15.9,64,6,ESE,7,1024.7
,2016-08-8,8.7,19.7,0,2.6,10.8,W,28,08:18,11.0,75,1,WNW,22,1026.4,17.9,52,1,E,11,1022.9
,2016-08-9,8.1,19.1,0,2.0,6.9,NNE,28,20:33,11.0,73,5,W,17,1023.1,18.8,52,7,NE,11,1017.9
,2016-08-10,10.9,25.2,0,4.8,9.2,NW,44,13:14,17.6,52,3,NNW,17,1015.6,24.6,33,3,NNW,24,1011.4
,2016-08-11,11.2,20.3,0,6.2,10.6,W,46,12:01,14.0,48,1,W,17,1018.4,19.6,30,1,WSW,22,1017.0
,2016-08-12,7.1,19.4,0,6.4,8.6,NW,41,21:01,9.7,56,0,WNW,20,1024.4,17.3,37,7,E,13,1019.8
,2016-08-13,8.3,20.3,0,3.2,10.6,W,41,10:00,12.4,49,1,W,24,1022.5,19.8,31,2,WSW,19,1020.2
,2016-08-14,9.5,20.0,0,5.4,10.5,W,28,07:55,14.2,52,1,W,20,1027.7,17.6,46,1,SE,13,1027.2
,2016-08-15,8.9,19.6,0,3.2,10.1,NE,30,15:51,12.0,72,1,WNW,17,1032.7,19.2,54,1,NE,17,1029.7
,2016-08-16,9.8,20.3,0,4.0,10.5,ENE,24,12:38,12.8,75,0,W,13,1031.0,19.6,59,0,ENE,19,1025.8
,2016-08-17,10.6,24.2,0,3.8,10.2,ENE,24,16:17,14.2,63,1,W,15,1026.3,22.7,35,6,ENE,11,1022.1
,2016-08-18,11.6,22.9,0,4.6,10.5,N,31,22:44,14.2,62,1,W,15,1024.5,20.7,40,1,ENE,19,1020.7
,2016-08-19,11.2,24.3,0,,10.0,NNE,48,13:25,14.2,66,0,W,11,1020.1,22.4,37,6,NNW,24,1013.9
,2016-08-20,11.0,17.9,0.4,6.6,10.7,WSW,59,00:07,13.2,51,1,W,19,1015.3,15.7,35,3,WSW,22,1013.8
,2016-08-21,8.2,20.4,0,5.2,10.7,W,39,10:28,12.5,48,1,W,24,1019.8,19.9,32,1,WNW,9,1016.4
,2016-08-22,9.5,13.8,0,3.0,0.2,W,35,14:49,11.4,66,7,WNW,15,1016.8,12.2,67,7,W,24,1015.0
,2016-08-23,8.5,18.4,1.8,0.6,6.8,SSE,37,13:38,11.9,69,1,WNW,19,1014.4,15.4,57,7,SSW,20,1013.5
,2016-08-24,11.8,14.7,2.4,3.2,0.0,S,43,20:06,13.4,79,8,SSE,11,1013.3,13.7,90,8,ESE,9,1007.5
,2016-08-25,9.0,17.3,52.8,5.2,6.7,W,48,12:05,11.4,67,7,SW,22,1010.2,15.7,48,3,S,15,1010.6
,2016-08-26,7.3,17.3,0,4.6,7.8,W,43,07:35,10.4,57,7,W,20,1018.7,16.4,50,7,S,20,1017.6
,2016-08-27,7.4,19.9,1.4,2.8,10.7,W,33,05:25,11.3,57,1,W,24,1023.6,17.7,45,1,ENE,15,1020.3
,2016-08-28,8.4,20.5,0,3.8,10.7,W,33,04:29,12.2,50,1,W,22,1022.9,18.0,36,2,ESE,17,1020.9
,2016-08-29,8.4,19.6,0,4.0,6.1,W,22,01:21,12.9,57,7,W,17,1027.4,18.1,38,7,W,9,1025.0
,2016-08-30,10.7,19.9,0,3.2,4.4,NNE,31,18:04,13.8,71,7,W,17,1026.9,19.6,62,6,ENE,15,1023.1
,2016-08-31,13.6,23.6,0,,2.3,NNW,54,13:39,18.8,61,7,N,20,1018.7,21.2,53,7,NNW,39,1013.9
,2016-09-1,12.1,22.5,0,4.6,9.2,NE,28,15:09,16.9,63,2,W,11,1020.3,20.7,46,3,NE,15,1015.3
,2016-09-2,14.5,18.0,14.4,6.2,0.0,NE,31,22:36,15.7,90,8,SSE,6,1011.6,15.9,91,8,SSE,9,1006.0
,2016-09-3,15.4,20.5,23.4,2.2,9.1,WNW,65,08:23,17.6,50,4,WNW,33,998.3,20.1,39,5,WNW,30,1004.3
,2016-09-4,10.1,21.3,0,5.6,10.9,WSW,39,11:29,15.5,48,1,WNW,11,1021.6,19.2,33,1,ESE,15,1022.0
,2016-09-5,10.0,21.2,0,3.4,11.1,ENE,26,14:42,14.1,55,0,W,20,1030.4,19.0,54,0,ENE,19,1027.1
,2016-09-6,10.0,20.5,0,5.0,10.8,E,24,13:00,15.0,66,0,WNW,13,1030.4,20.2,58,0,ENE,19,1026.3
,2016-09-7,12.2,22.0,0,3.2,8.2,NE,30,20:22,16.0,82,6,WNW,13,1031.7,21.0,55,3,E,17,1029.3
,2016-09-8,15.4,21.2,0,3.8,7.1,NE,41,15:17,18.7,69,7,N,9,1029.7,20.1,67,5,NE,24,1024.8
,2016-09-9,14.7,22.7,0,5.0,8.9,NNE,52,23:02,19.5,61,6,ENE,6,1021.9,21.2,60,4,NE,22,1015.9
,2016-09-10,14.1,22.7,1.2,7.4,9.3,NNE,57,01:31,17.9,54,2,NNW,26,1012.7,21.8,31,7,W,31,1010.9
,2016-09-11,13.0,21.0,0,6.2,8.7,W,33,04:30,16.8,44,1,WSW,17,1019.0,17.6,53,6,ESE,17,1017.1
,2016-09-12,12.4,20.9,0,4.2,9.7,W,28,07:58,16.6,47,3,W,20,1021.5,18.3,53,3,E,19,1018.5
,2016-09-13,16.0,20.2,0,5.6,1.5,SSW,30,08:09,17.5,73,8,SSW,15,1021.4,18.9,69,7,S,9,1017.8
,2016-09-14,16.0,24.6,5.8,1.8,3.9,NNW,37,14:01,17.4,86,8,NNW,6,1014.1,23.1,55,7,N,19,1008.4
,2016-09-15,14.1,22.1,0,6.6,8.1,,,,17.4,35,1,NW,41,1009.8,20.9,31,7,WNW,35,1007.5
,2016-09-16,13.5,22.5,0,6.8,8.5,W,43,14:59,16.9,55,6,W,19,1016.5,21.7,29,3,W,28,1015.5
,2016-09-17,10.7,22.4,0,5.4,8.8,NNE,37,16:56,17.5,52,1,W,6,1022.0,19.2,44,7,NE,19,1018.0
,2016-09-18,14.2,17.8,0,6.6,0.0,WSW,30,22:35,14.9,66,8,W,17,1012.6,15.1,79,8,W,6,1005.7
,2016-09-19,13.1,21.4,13.4,1.0,10.1,W,59,09:28,17.7,53,1,W,30,1008.5,20.6,38,1,W,28,1008.7
,2016-09-20,10.0,20.6,0,6.4,8.7,WSW,28,00:13,15.1,48,7,WNW,17,1018.9,18.5,47,7,NE,17,1016.0
,2016-09-21,14.0,21.2,0,4.8,2.9,N,31,12:35,16.0,61,7,W,9,1012.5,16.8,78,8,NE,15,1007.5
,2016-09-22,13.5,20.1,2.0,4.0,4.1,WSW,56,18:12,18.4,54,3,W,20,1006.9,17.0,63,7,W,24,1005.9
,2016-09-23,15.2,22.0,0.6,3.0,8.2,SSW,61,11:46,17.3,55,6,WSW,17,1011.7,21.5,48,2,SSW,24,1010.7
,2016-09-24,12.5,22.3,0,4.8,10.1,W,30,04:05,18.4,55,1,WNW,13,1012.6,20.6,63,1,ESE,17,1007.9
,2016-09-25,13.6,22.1,3.4,5.2,2.1,WSW,41,11:48,15.5,74,7,W,15,1006.7,16.3,75,7,SE,15,1006.1
,2016-09-26,12.0,21.8,4.0,4.2,10.1,WSW,41,08:13,16.5,41,1,WSW,20,1013.0,18.9,44,1,E,19,1009.0
,2016-09-27,10.9,23.2,0,6.2,9.7,WSW,61,13:36,18.6,37,2,N,20,1009.7,20.6,22,2,WSW,26,1006.8
,2016-09-28,10.2,21.3,0,7.2,11.4,W,35,02:41,16.2,46,1,WNW,17,1014.7,19.6,42,1,E,17,1011.3
,2016-09-29,14.2,22.8,1.4,5.4,4.2,NW,56,21:38,14.8,76,8,NNE,11,1000.5,22.3,50,2,N,22,994.0
,2016-09-30,12.3,20.1,0.4,7.2,8.6,NNW,67,15:19,16.1,42,6,NNW,28,999.1,17.3,40,3,NW,39,998.3
,2016-10-1,12.4,22.1,0,7.4,10.4,,,,19.5,40,3,WNW,35,1005.0,20.2,34,3,W,39,1005.5
,2016-10-2,12.5,24.7,0,8.0,11.1,NE,41,16:53,18.4,44,0,NW,7,1012.9,22.7,45,0,ENE,20,1008.3
,2016-10-3,18.4,25.6,0,9.0,8.3,WSW,72,16:14,21.5,41,7,NNE,15,999.4,22.9,14,7,WNW,31,997.8
,2016-10-4,12.7,23.4,0,10.2,11.1,W,70,20:28,17.5,34,1,NW,17,1007.8,23.0,25,1,W,43,1003.7
,2016-10-5,11.7,23.7,0,11.0,11.0,SW,57,02:54,14.7,34,0,W,30,1016.4,22.9,16,1,WSW,26,1013.2
,2016-10-6,13.0,27.8,0,7.6,11.1,WSW,48,13:32,19.9,34,4,W,7,1019.1,27.2,20,8,WSW,30,1017.0
,2016-10-7,16.0,31.0,0,8.6,9.3,WNW,37,12:15,22.5,40,7,W,9,1021.0,30.8,16,5,W,22,1015.6
,2016-10-8,20.1,22.2,0.2,10.0,7.4,SSE,54,12:00,21.0,63,6,S,28,1016.3,20.1,50,5,SSE,30,1017.6
,2016-10-9,13.8,25.5,0,7.4,8.4,NE,52,18:30,17.5,51,7,W,11,1022.9,20.3,40,7,NE,24,1018.1
,2016-10-10,16.8,33.6,0,8.4,6.6,,,,25.3,37,6,NE,9,1007.7,31.8,24,7,WSW,28,1004.1
,2016-10-11,12.3,21.3,3.8,10.2,11.4,WSW,61,00:02,14.9,33,1,WSW,35,1013.2,20.1,26,3,SE,9,1012.9
,2016-10-12,10.7,23.6,0,6.6,9.3,WSW,39,20:25,14.3,45,1,W,26,1016.5,20.7,32,5,E,24,1012.5
,2016-10-13,11.8,18.3,4.4,7.4,7.9,SSW,57,01:12,15.9,56,2,SSW,26,1021.2,15.6,57,7,S,24,1022.4
,2016-10-14,9.0,21.3,0.2,8.2,11.6,W,30,02:20,15.1,50,1,WNW,17,1025.9,19.4,37,1,E,19,1023.2
,2016-10-15,11.1,23.9,0,5.6,12.2,NNE,50,17:30,15.9,57,0,W,11,1023.1,23.0,36,0,NE,26,1017.5
,2016-10-16,15.9,29.0,0,10.0,11.0,NNE,56,14:49,23.1,31,0,N,22,1014.9,25.4,37,1,NE,28,1008.7
,2016-10-17,21.7,22.4,0,11.8,2.4,,,,22.4,43,7,WNW,28,1005.8,14.5,78,7,NNW,15,1008.3
,2016-10-18,11.5,25.8,3.0,3.0,12.2,W,48,13:09,18.3,39,1,NNW,19,1014.5,25.5,23,3,WNW,26,1010.8
,2016-10-19,16.2,24.5,0.2,11.0,11.1,W,50,09:58,19.1,30,3,WSW,24,1017.9,22.9,20,2,NW,6,1017.0
,2016-10-20,16.4,21.6,0,8.0,10.3,NNE,44,16:24,19.0,47,6,ENE,19,1024.4,20.4,47,5,NE,26,1021.4
,2016-10-21,15.3,25.2,0,7.4,8.4,NNE,46,14:45,21.5,55,5,NNW,20,1018.9,23.3,55,7,NE,26,1012.8
,2016-10-22,16.1,18.0,11.8,8.4,4.1,WSW,57,17:49,17.0,84,7,SE,15,1010.0,16.4,69,7,S,22,1010.1
,2016-10-23,10.2,19.8,0.6,4.8,10.4,SSW,59,09:36,13.1,53,7,W,22,1018.3,17.5,42,2,S,28,1017.7
,2016-10-24,10.2,21.5,0.8,5.8,12.4,ESE,37,13:22,15.0,45,1,W,15,1019.6,19.8,33,1,SSE,22,1016.7
,2016-10-25,11.4,23.3,0,6.8,12.3,ENE,37,14:39,17.6,56,7,W,13,1018.9,22.8,46,1,NE,22,1014.4
,2016-10-26,14.3,27.0,0,7.8,8.5,ENE,26,14:27,18.7,52,7,W,11,1016.6,25.8,34,7,E,20,1013.0
,2016-10-27,18.4,21.7,0,8.0,6.2,SE,41,07:17,20.8,65,4,SSE,20,1015.9,19.9,63,7,SSE,26,1015.7
,2016-10-28,14.7,19.6,1.4,4.6,0.5,SSE,30,23:03,15.4,73,8,W,19,1020.6,19.1,57,8,ESE,7,1018.5
,2016-10-29,15.3,24.3,3.2,1.6,7.9,NE,41,22:59,18.3,86,6,W,13,1020.1,22.0,66,5,NE,20,1017.7
,2016-10-30,18.2,25.5,0.2,7.0,4.6,NW,50,22:57,23.0,65,7,NE,9,1013.7,25.3,61,8,ENE,11,1006.5
,2016-10-31,16.1,23.3,1.6,6.6,12.9,NNW,52,23:01,18.3,24,1,SSW,28,1011.0,21.7,28,1,E,20,1010.8
,2016-11-1,12.1,24.5,0,10.6,12.1,W,33,09:34,16.8,31,4,W,17,1014.4,20.9,37,1,E,20,1010.0
,2016-11-2,13.0,24.1,0,7.2,12.8,W,39,09:17,19.1,34,1,WSW,20,1014.6,21.6,32,1,E,20,1013.0
,2016-11-3,13.6,25.2,0,7.4,12.2,E,37,16:59,19.7,57,1,WNW,11,1018.9,23.7,50,1,ENE,26,1014.8
,2016-11-4,15.3,30.6,0,8.4,12.8,NE,35,13:58,21.0,58,2,W,11,1014.8,27.1,33,1,NE,20,1009.2
,2016-11-5,21.0,25.7,0,13.4,12.4,W,76,11:13,25.7,21,1,SW,20,1002.9,24.9,16,1,WSW,28,1006.2
,2016-11-6,15.7,26.0,0,14.4,12.3,W,57,10:19,19.6,25,1,WSW,22,1009.1,23.2,27,7,ESE,26,1007.8
,2016-11-7,14.8,28.1,0,7.6,12.4,NE,44,13:59,22.6,34,2,W,13,1011.1,25.5,46,1,NE,24,1006.4
,2016-11-8,21.2,28.3,0,11.0,4.1,S,54,17:43,26.8,25,7,SE,6,1007.3,24.7,57,7,SSE,24,1007.1
,2016-11-9,17.8,22.7,2.0,5.2,2.5,SSW,37,03:39,20.1,72,7,S,13,1013.3,21.3,67,7,SSE,19,1009.8
,2016-11-10,16.9,24.6,10.2,2.8,10.7,E,28,13:01,20.0,71,6,W,7,1009.4,23.4,62,2,E,19,1007.0
,2016-11-11,17.8,24.3,0,7.0,11.1,E,33,15:08,20.2,68,5,SSW,9,1012.9,22.6,59,1,ESE,20,1009.9
,2016-11-12,18.4,32.5,9.0,7.6,9.1,N,48,06:01,22.1,72,7,NNW,15,1002.5,26.4,59,3,E,22,996.9
,2016-11-13,18.9,30.3,0,8.0,13.0,W,72,16:19,24.9,29,1,NNW,4,998.6,28.0,21,1,W,41,995.4
,2016-11-14,17.4,24.4,0,15.8,7.0,WSW,56,06:58,20.5,40,3,W,33,1002.0,20.3,52,7,SSE,28,1004.5
,2016-11-15,15.4,23.2,0.6,5.8,9.4,S,39,23:15,17.9,61,7,S,13,1016.1,20.5,45,3,ESE,19,1015.0
,2016-11-16,14.3,25.2,0,5.2,12.7,ESE,39,12:31,19.9,54,0,WNW,13,1020.0,22.0,52,3,ESE,22,1021.3
,2016-11-17,17.3,23.9,0,7.4,12.8,NNE,43,19:43,21.1,57,4,ESE,4,1025.6,23.1,53,1,E,28,1021.9
,2016-11-18,16.4,31.4,0,9.2,12.1,NNE,37,18:49,23.0,52,1,W,13,1017.4,30.0,36,2,NE,11,1013.5
,2016-11-19,19.3,24.8,0,8.6,3.7,SSE,44,06:10,21.7,67,7,SSE,30,1018.3,22.1,58,7,SE,20,1018.4
,2016-11-20,19.1,25.1,0,6.0,8.5,E,33,13:51,22.3,58,4,E,13,1021.3,23.2,55,7,E,26,1018.2
,2016-11-21,19.7,28.4,0,7.4,6.0,E,35,13:10,24.6,67,6,E,11,1018.4,25.5,64,5,ENE,17,1015.1
,2016-11-22,21.0,31.0,0,8.0,9.7,NE,46,16:52,26.6,51,1,E,15,1014.8,26.2,54,3,ENE,24,1012.1
,2016-11-23,19.8,26.2,0,10.4,5.9,SE,44,14:31,22.6,69,4,WSW,7,1010.2,22.5,72,8,SSE,24,
,2016-11-24,13.5,23.4,5.4,6.6,13.1,SSE,52,12:08,18.3,42,1,WSW,22,1013.0,21.8,39,1,SE,26,1011.8
,2016-11-25,14.7,25.5,0,8.8,13.1,ESE,37,11:48,20.6,33,4,W,20,1012.8,23.4,46,2,ESE,22,1012.5
,2016-11-26,18.1,24.4,0,8.0,12.3,NE,46,16:53,22.3,55,3,ENE,7,1017.4,23.9,53,1,NE,24,1013.7
,2016-11-27,19.6,23.5,0,9.8,1.7,SE,35,11:03,20.5,71,7,SE,19,1017.8,21.6,66,7,ESE,22,1016.9
,2016-11-28,20.3,26.1,0,6.0,8.1,NE,37,16:49,22.8,71,6,NE,15,1015.0,25.5,63,1,E,28,1010.4
,2016-11-29,19.3,25.3,0,7.8,7.0,SE,44,11:39,22.4,65,7,S,22,1011.8,24.1,57,6,SE,20,1010.8
,2016-11-30,18.2,25.2,0,6.4,4.4,NE,50,16:27,22.4,61,7,ESE,6,1012.4,24.2,57,2,E,31,1008.8
,2016-12-1,18.1,28.5,0,7.4,8.1,ENE,37,14:27,21.2,68,7,W,9,1008.0,25.4,51,7,ENE,19,1005.3
,2016-12-2,18.7,35.7,0.2,6.0,9.8,SSW,57,19:59,25.6,44,3,WNW,13,1008.4,30.9,24,5,ESE,17,1007.7
,2016-12-3,21.0,26.8,0,11.2,9.7,S,41,23:04,22.6,64,7,SSE,11,1016.0,23.8,55,5,ESE,19,1015.0
,2016-12-4,19.7,26.9,0,8.0,9.3,NE,39,16:08,23.0,64,7,E,6,1016.0,25.1,60,7,E,26,1013.1
,2016-12-5,22.1,29.9,0.4,7.6,2.9,SSW,59,20:47,26.1,71,7,NE,13,1009.6,27.1,65,7,E,17,1005.9
,2016-12-6,20.4,23.6,3.2,7.0,0.0,S,33,22:04,20.6,86,8,W,15,1012.4,22.2,83,8,NE,7,1010.6
,2016-12-7,18.6,25.1,7.8,1.4,9.3,SSW,37,00:57,20.7,86,5,SE,15,1015.2,24.4,56,4,E,24,1014.4
,2016-12-8,20.2,27.9,0.2,8.0,12.2,NNE,56,15:23,24.6,60,1,NNE,9,1008.7,26.9,61,2,NE,26,999.4
,2016-12-9,18.1,27.8,0.4,13.6,13.4,W,72,07:32,20.2,35,1,W,44,1007.9,26.4,14,1,WSW,31,1009.9
,2016-12-10,16.9,23.7,0,9.0,9.8,E,39,15:23,20.8,54,3,SSE,11,1022.5,22.1,52,2,ENE,26,1020.5
,2016-12-11,20.0,26.3,0,9.0,11.4,E,41,15:08,23.6,57,3,NE,13,1022.2,24.3,56,1,E,28,1020.4
,2016-12-12,20.9,27.6,0,10.6,12.4,NE,52,16:32,23.8,59,6,NE,15,1022.6,25.5,53,1,ENE,19,1018.1
,2016-12-13,20.7,37.8,0,10.2,11.4,NNE,44,15:35,27.5,49,3,ESE,9,1015.5,31.1,36,5,NE,15,1011.1
,2016-12-14,27.1,37.2,0,13.4,2.5,WSW,57,13:18,32.4,23,7,NW,24,1008.5,34.1,16,7,WSW,33,1007.0
,2016-12-15,17.4,19.1,8.2,8.8,0.0,SSE,46,03:12,17.7,88,8,SE,17,1017.2,17.7,81,8,SSE,15,1017.4
,2016-12-16,17.2,25.4,32.6,1.0,0.0,ESE,30,00:46,18.8,89,8,SSE,17,1013.3,20.2,86,8,ESE,4,1009.3
,2016-12-17,18.5,33.7,10.4,1.4,12.7,S,70,21:18,25.4,67,3,NW,2,1007.4,32.4,27,4,WNW,19,1005.2
,2016-12-18,18.3,21.3,0,10.0,0.7,SSE,57,00:51,19.8,61,8,SE,15,1018.8,19.9,55,8,SE,22,1020.0
,2016-12-19,17.7,22.9,0,7.8,7.1,NE,44,18:27,20.8,49,6,ENE,13,1021.0,21.4,47,3,NE,24,1017.5
,2016-12-20,16.7,27.1,0,7.0,12.0,SSW,48,18:01,22.8,52,2,E,4,1010.4,26.9,52,3,ESE,20,1005.3
,2016-12-21,18.6,26.7,0,10.0,10.4,S,52,00:06,22.8,64,3,S,15,1012.3,25.0,50,2,ESE,28,1012.2
,2016-12-22,20.3,24.3,0,9.2,3.7,ENE,35,21:00,21.1,60,8,E,17,1019.4,23.0,52,5,ENE,20,1018.1
,2016-12-23,20.8,24.4,0,7.6,7.9,ENE,48,13:31,23.0,56,5,NE,20,1019.3,23.8,56,2,NE,28,1016.6
,2016-12-24,19.8,27.2,0,9.4,4.3,NNW,44,18:11,23.2,66,7,WNW,9,1015.7,26.3,55,7,ENE,20,1013.8
,2016-12-25,19.1,27.4,1.6,4.6,12.8,NE,48,21:24,23.9,64,3,ESE,4,1017.1,26.8,55,3,NE,26,1015.5
,2016-12-26,20.9,29.3,0,11.2,10.9,NE,52,15:35,25.8,59,1,E,13,1014.7,27.9,51,1,NE,30,1011.4
,2016-12-27,21.8,29.6,0,11.2,6.0,NE,43,22:18,25.7,66,7,S,17,1014.5,27.5,60,7,ESE,19,1013.3
,2016-12-28,21.1,28.9,0,7.8,9.4,NNE,61,17:56,24.9,63,6,E,15,1013.0,27.5,48,6,NNE,24,1009.7
,2016-12-29,22.6,36.6,0,10.4,4.8,E,28,13:44,28.1,49,7,W,15,1007.2,31.8,30,6,ENE,22,1004.4
,2016-12-30,23.9,33.3,0,9.2,0.5,NNE,30,21:42,27.3,58,8,W,9,1003.6,32.1,34,7,ENE,20,1001.7
,2016-12-31,24.1,30.0,0,8.2,4.8,SE,37,13:47,27.7,57,6,SSE,17,1003.7,26.4,62,7,SE,24,1003.4
,2017-01-1,22.7,26.6,0,6.8,0.0,E,24,13:41,24.6,70,7,E,9,1007.4,24.9,70,8,E,19,1005.5
,2017-01-2,21.2,26.3,0.4,3.4,3.5,S,56,05:42,22.1,71,7,SSW,26,1009.9,24.8,54,5,SSE,28,1011.8
,2017-01-3,18.5,26.6,2.6,6.2,8.8,SSE,48,13:23,21.9,66,7,S,19,1018.5,25.4,60,7,SSE,19,1018.3
,2017-01-4,20.1,25.9,1.2,7.8,5.6,ESE,31,23:20,24.0,53,7,ESE,22,1021.4,23.7,45,7,ESE,22,1020.0
,2017-01-5,19.6,24.3,5.0,6.0,0.5,ENE,30,03:26,20.5,89,8,NNE,7,1019.0,22.6,69,7,E,20,1017.2
,2017-01-6,19.9,26.5,8.8,3.8,4.8,E,35,10:09,20.0,86,7,ESE,15,1018.3,25.3,57,6,E,22,1017.5
,2017-01-7,19.2,26.8,4.4,6.6,11.5,NE,43,14:15,24.8,61,3,S,2,1018.4,25.2,57,3,NE,28,1015.0
,2017-01-8,19.7,28.5,0,10.4,11.7,NE,54,16:22,25.1,52,2,N,11,1013.5,27.5,52,6,ENE,20,1010.0
,2017-01-9,21.3,29.9,0,9.6,9.2,ENE,31,14:27,27.0,57,2,ESE,9,1011.5,26.7,57,2,E,20,1009.2
,2017-01-10,22.6,31.3,0.4,8.2,8.8,E,31,16:02,24.8,73,7,W,9,1012.0,30.5,49,4,E,17,1008.1
,2017-01-11,24.0,37.7,0,7.4,10.9,SSE,63,17:19,29.2,53,4,W,9,1007.6,31.4,47,7,ESE,20,1003.4
,2017-01-12,22.3,28.4,0,9.4,7.2,E,31,19:08,24.7,68,7,SSE,7,1012.4,26.8,52,2,E,20,1010.7
,2017-01-13,23.0,30.5,0,8.6,8.9,SSW,52,19:25,24.6,68,8,N,15,1008.9,29.0,57,1,NE,30,1001.3
,2017-01-14,24.6,32.5,0,10.6,7.1,ESE,35,16:00,28.7,59,8,NNW,2,1003.4,29.2,52,1,ESE,22,1003.2
,2017-01-15,22.8,27.0,0,8.0,6.9,ESE,33,10:24,25.6,56,6,E,20,1015.1,25.5,57,7,E,22,1015.7
,2017-01-16,21.7,27.2,0,7.2,12.1,NE,52,16:20,26.2,55,3,NNE,22,1017.1,26.3,57,0,NE,28,1013.9
,2017-01-17,20.8,36.6,0,10.4,11.9,NNE,50,18:06,25.3,64,,ESE,6,1013.6,32.6,44,2,ENE,11,1008.3
,2017-01-18,25.1,38.1,0,13.8,11.1,SSE,59,14:32,36.5,26,1,WNW,20,1005.4,30.1,52,2,SSE,31,1006.8
,2017-01-19,20.1,24.5,0,12.6,0.0,ENE,41,21:03,21.5,61,8,ESE,20,1015.3,22.7,53,8,ENE,19,1013.7
,2017-01-20,19.0,29.2,0,5.8,2.6,SSW,65,20:41,24.1,62,7,NNE,22,1001.1,28.3,68,7,NNW,28,994.3
,2017-01-21,20.8,27.4,7.8,6.2,9.7,SSE,48,01:40,22.2,49,7,SSE,22,1010.5,26.6,42,1,SE,20,1012.2
,2017-01-22,20.4,26.5,0,9.1,10.7,ENE,39,17:43,23.8,50,1,NE,4,1017.9,26.0,50,4,E,22,1015.8
,2017-01-23,21.5,32.6,0,9.6,12.1,NE,56,18:12,25.5,60,3,NNW,17,1014.9,28.6,51,1,NE,20,1010.1
,2017-01-24,24.5,37.0,0,12.0,2.6,SSW,69,15:40,32.6,34,6,NW,11,1007.4,35.0,33,7,W,20,1008.4
,2017-01-25,20.6,24.3,17.8,10.2,0.3,SSE,35,23:10,21.7,68,7,S,13,1020.5,23.3,62,8,S,11,1018.0
,2017-01-26,20.7,25.5,0,2.8,0.4,SSE,31,15:53,22.6,70,8,SSW,11,1015.9,24.9,64,6,SSE,13,1014.9
,2017-01-27,20.4,27.1,0,4.2,6.0,S,31,00:28,21.7,67,7,SSW,13,1018.5,25.7,57,4,ESE,15,1016.9
,2017-01-28,20.4,29.7,0,5.4,12.2,NE,48,17:47,26.4,63,1,NE,2,1015.9,28.1,59,1,ENE,17,1012.2
,2017-01-29,22.3,30.2,0,11.4,6.8,S,31,01:38,24.5,74,7,SSW,13,1016.8,28.9,56,6,SSE,19,1015.4
,2017-01-30,23.1,34.3,0,6.0,12.0,NNE,56,17:10,27.9,67,1,E,13,1012.5,30.3,54,3,NE,17,1008.0
,2017-01-31,25.4,39.4,0,11.8,4.8,SSE,57,12:21,33.2,36,7,ESE,7,1008.1,29.2,58,7,SSE,33,1009.7
,2017-02-1,20.3,23.6,1.2,9.2,0.0,SSW,33,01:11,21.1,83,8,SSW,6,1016.1,22.4,79,8,SSE,9,1012.7
,2017-02-2,20.8,27.1,4.4,0.0,6.0,S,50,07:45,23.1,70,7,S,30,1013.2,25.4,56,7,SE,22,1013.9
,2017-02-3,22.3,26.4,0,6.6,0.1,NNE,24,07:09,22.8,79,8,NNE,11,1015.5,26.1,63,8,NE,17,1013.5
,2017-02-4,22.7,30.4,0,4.4,7.2,NNE,35,17:56,26.0,78,8,ESE,4,1013.9,28.1,65,5,E,17,1010.4
,2017-02-5,25.8,34.9,0,9.6,7.0,NW,41,00:42,29.5,50,7,E,4,1010.4,34.1,41,7,ENE,6,1007.3
,2017-02-6,26.2,34.7,0,11.8,10.9,S,48,19:23,29.6,55,1,S,19,1011.3,33.9,44,1,SE,19,1009.3
,2017-02-7,22.1,24.9,6.4,8.2,1.3,,,,22.2,88,8,S,24,1017.6,21.0,89,7,S,19,1018.7
,2017-02-8,20.7,27.0,85.0,3.4,5.9,ESE,46,02:04,24.6,79,7,ESE,37,1022.1,23.1,85,7,E,19,1021.8
,2017-02-9,22.5,30.9,5.4,5.2,11.8,NNE,54,17:46,25.7,72,3,NNW,17,1018.6,29.7,55,1,NE,20,1013.0
,2017-02-10,23.7,37.5,0,10.0,12.0,SSE,44,18:23,27.4,61,6,NW,7,1010.4,36.2,35,2,ENE,17,1006.4
,2017-02-11,23.9,36.2,0,11.0,11.4,SSW,63,22:27,26.4,72,5,W,9,1007.8,33.1,51,3,E,19,1002.7
,2017-02-12,24.5,31.9,0,10.4,7.8,SSE,59,14:02,28.1,67,1,S,2,1000.5,28.1,59,7,SSE,33,998.0
,2017-02-13,17.8,27.3,0,7.0,12.8,SW,37,07:45,21.9,29,1,SSW,19,1008.1,26.9,32,1,ESE,22,1007.3
,2017-02-14,21.6,24.0,0,9.0,1.9,SSE,44,13:34,22.3,68,,E,17,1015.0,21.2,73,6,SSE,24,1015.9
,2017-02-15,18.0,26.1,25.6,1.2,10.1,ENE,37,17:10,21.3,66,4,WSW,7,1017.4,26.1,52,2,E,17,1013.6
,2017-02-16,19.5,30.0,0,8.0,11.1,NNE,54,18:12,23.4,63,1,W,6,1012.1,28.8,51,1,ENE,24,1009.0
,2017-02-17,22.6,29.9,0,11.2,6.6,N,70,16:05,26.6,66,4,NE,9,1009.8,26.8,59,7,NE,9,1005.7
,2017-02-18,21.8,29.4,8.0,5.4,7.0,SE,41,12:49,22.9,79,3,S,17,1007.1,28.8,58,2,ESE,20,1004.9
,2017-02-19,18.6,26.1,3.2,6.4,7.9,S,48,01:24,19.7,69,5,W,17,1008.7,25.0,48,2,ESE,19,1006.1
,2017-02-20,17.5,28.3,0.6,8.0,12.5,WSW,63,08:12,19.9,32,0,W,35,1010.5,27.5,18,0,WNW,19,1009.6
,2017-02-21,16.9,27.6,0,10.4,11.7,NNE,33,21:12,19.4,41,6,WNW,17,1019.7,26.3,36,2,ESE,19,1018.5
,2017-02-22,19.3,27.7,0,7.0,12.2,NE,48,14:11,25.8,50,2,NNE,15,1021.6,26.2,47,1,NE,22,1018.5
,2017-02-23,21.6,28.1,0,11.6,11.5,NNE,46,17:57,25.4,55,1,N,17,1019.8,27.3,52,1,ENE,22,1017.2
,2017-02-24,21.8,28.0,0,10.6,5.7,S,31,19:15,24.5,69,8,SE,7,1020.8,27.3,56,7,ESE,15,1018.6
,2017-02-25,18.6,20.8,7.8,4.4,0.0,SSW,44,04:35,18.7,89,8,S,19,1020.5,19.0,87,8,SSW,19,1020.1
,2017-02-26,18.3,25.5,28.6,5.8,5.3,S,48,15:43,20.7,67,6,SSE,15,1021.8,24.3,54,3,SSW,24,1021.8
,2017-02-27,18.7,26.6,26.4,7.6,7.5,ESE,44,14:53,23.3,60,7,SE,19,1024.0,25.6,47,3,SE,24,1022.8
,2017-02-28,20.7,26.7,2.6,5.6,9.2,ESE,48,14:36,25.1,63,6,ESE,19,1022.7,26.4,61,6,E,17,1021.4
,2017-03-1,20.6,27.2,26.4,7.2,2.2,E,43,06:34,21.4,87,6,SE,9,1021.0,25.0,67,7,ESE,22,1019.4
,2017-03-2,20.5,26.3,3.2,3.6,7.6,E,26,13:03,23.0,81,3,WNW,13,1018.1,25.0,69,5,E,15,1016.0
,2017-03-3,20.7,24.8,37.8,5.2,1.4,SE,63,14:39,21.7,89,7,S,6,1016.9,22.2,85,8,SE,17,1016.0
,2017-03-4,19.9,23.3,27.6,4.0,0.2,SSE,54,12:51,21.5,87,7,SE,19,1015.2,20.9,86,7,S,20,1013.1
,2017-03-5,20.1,23.0,7.6,2.4,0.0,SW,56,19:30,20.4,78,7,W,20,1010.2,22.1,76,7,SW,24,1009.6
,2017-03-6,19.6,25.7,2.4,4.0,7.7,SSW,65,11:41,20.5,63,5,WSW,19,1012.8,25.5,49,3,SSW,33,1013.2
,2017-03-7,18.8,23.2,0,9.4,3.6,SSE,54,12:11,19.3,73,7,SW,13,1017.6,21.7,62,7,SSW,30,1017.7
,2017-03-8,16.9,23.5,5.0,8.8,1.4,SE,46,01:16,19.9,67,8,ESE,17,1018.5,22.0,56,8,SE,20,1017.4
,2017-03-9,17.9,25.1,1.0,5.4,2.7,SSE,43,14:00,20.3,69,7,SE,15,1017.0,23.3,54,7,SSE,31,1016.0
,2017-03-10,17.3,25.8,0.6,5.4,7.4,SSE,44,13:50,19.3,73,3,W,17,1015.1,25.1,51,3,S,24,1014.0
,2017-03-11,16.9,26.1,0.2,5.0,10.7,SSE,31,11:22,20.1,61,5,WNW,17,1014.2,25.5,47,2,ESE,20,1012.3
,2017-03-12,17.4,26.4,0,7.2,10.6,NNE,46,18:10,22.3,62,1,NNE,9,1010.6,26.0,50,1,ENE,28,1007.7
,2017-03-13,22.2,27.4,0,7.2,6.2,E,56,15:45,23.7,68,6,NNE,7,1011.1,27.0,63,6,E,19,1012.4
,2017-03-14,22.6,25.9,0.4,7.6,0.5,E,44,20:01,23.9,71,7,ESE,20,1019.2,21.4,67,8,ENE,24,1020.2
,2017-03-15,19.8,25.9,38.0,,5.5,E,54,12:00,22.9,76,7,E,30,1020.6,24.8,67,6,E,31,1018.7
,2017-03-16,21.9,24.9,2.6,7.6,1.0,ENE,56,05:31,23.1,84,8,ENE,26,1013.2,24.5,85,7,NE,24,1009.0
,2017-03-17,20.0,22.7,20.0,3.0,1.3,S,59,15:34,20.3,83,8,SSW,26,1018.4,20.5,81,8,S,35,1020.6
,2017-03-18,19.3,25.8,45.8,2.8,3.6,SSE,65,01:56,21.8,88,8,SE,24,1022.9,24.1,79,7,ESE,22,1022.2
,2017-03-19,21.6,26.2,4.2,,5.5,ESE,57,23:22,23.7,86,7,E,28,1020.3,25.3,76,7,ENE,24,1017.9
,2017-03-20,23.7,27.9,0.2,8.4,4.4,NNE,39,15:04,25.8,74,7,NE,11,1018.5,26.9,66,7,NE,20,1015.6
,2017-03-21,23.3,27.1,0,5.2,1.5,NNE,30,20:09,24.5,77,7,NNE,11,1015.7,26.0,72,6,E,17,1012.6
,2017-03-22,22.3,31.9,25.6,6.0,4.4,WSW,63,16:24,23.9,82,7,SE,4,1012.6,29.8,57,6,E,19,1010.7
,2017-03-23,20.7,23.3,18.2,,0.2,SSW,41,03:30,21.5,72,7,SSW,19,1018.5,22.2,71,8,SSW,20,1017.4
,2017-03-24,18.5,24.1,10.2,7.8,5.5,S,41,10:51,20.4,85,2,W,13,1019.9,21.7,70,7,SSW,20,1019.1
,2017-03-25,19.2,24.5,4.8,3.2,4.9,ENE,26,12:53,20.2,81,6,WNW,11,1017.8,24.2,58,7,NE,13,1014.1
,2017-03-26,18.9,26.5,0,3.0,11.0,ENE,28,15:58,21.3,74,1,WNW,13,1015.9,26.0,66,2,E,19,1014.7
,2017-03-27,19.2,27.0,0,5.8,11.0,NNE,41,16:53,21.8,76,1,W,11,1017.1,26.0,62,1,NE,22,1012.3
,2017-03-28,21.2,23.8,0,7.4,0.0,SSW,54,04:41,21.8,76,7,SSW,19,1013.9,23.6,69,8,S,11,1012.4
,2017-03-29,21.4,28.8,0,2.4,8.4,E,30,12:36,22.5,84,8,E,2,1012.3,27.0,71,1,E,22,1007.4
,2017-03-30,22.5,26.0,2.4,7.4,0.0,SSW,69,21:04,25.2,70,8,NNE,19,1007.0,19.2,88,8,SSW,28,1007.7
,2017-03-31,15.3,22.6,42.4,,9.9,SW,54,02:05,16.9,56,4,W,20,1016.4,21.6,53,2,S,28,1015.6
,2017-04-1,14.5,25.6,0,,10.7,SSE,35,22:08,17.1,63,1,W,17,1018.2,22.5,48,2,ESE,17,1016.6
,2017-04-2,17.0,22.0,0,,5.8,SSE,50,14:13,19.8,66,6,SSW,15,1025.1,20.1,59,6,SSE,22,1024.7
,2017-04-3,14.8,22.0,33.8,4.2,1.5,SSE,50,15:33,15.7,90,8,W,19,1028.4,21.8,49,7,ESE,24,1026.3
,2017-04-4,14.9,22.8,7.8,0.4,6.4,SE,41,00:03,17.9,78,3,WNW,15,1028.1,20.7,60,6,SSE,20,1026.3
,2017-04-5,14.1,23.3,0.4,5.4,10.2,ESE,37,00:19,18.1,72,3,W,9,1026.1,22.9,45,3,ESE,22,1023.3
,2017-04-6,13.2,23.4,0.2,6.0,8.7,ESE,24,15:28,17.1,69,2,W,17,1026.2,23.2,42,3,ENE,15,1023.9
,2017-04-7,14.1,23.8,0,3.4,10.6,ENE,28,17:56,18.7,69,2,WNW,11,1028.4,23.7,41,2,E,13,1025.7
,2017-04-8,14.9,24.9,0,5.0,9.8,ENE,37,13:39,18.4,68,4,WNW,13,1026.2,23.1,49,4,NE,20,1021.4
,2017-04-9,15.5,28.7,0,7.0,9.6,WNW,67,18:11,20.1,62,1,NW,7,1015.3,27.9,35,4,NNE,20,1007.1
,2017-04-10,11.7,17.9,8.8,7.8,6.1,W,54,11:25,13.9,51,7,WNW,26,1009.3,15.7,56,7,W,26,1008.5
,2017-04-11,13.8,23.0,0,3.6,2.1,SSW,54,16:36,17.9,56,7,W,22,1017.2,22.2,48,7,SSW,26,1017.3
,2017-04-12,15.0,22.7,9.4,4.2,2.8,SSW,43,13:16,17.4,71,7,W,19,1023.7,20.2,75,7,SSW,17,1022.2
,2017-04-13,15.3,23.6,19.8,2.4,9.2,SSE,31,12:06,17.3,80,4,W,17,1023.8,22.6,51,3,SSE,20,1020.9
,2017-04-14,13.9,24.7,0,4.0,10.8,W,26,07:28,17.2,69,1,WNW,11,1022.1,23.5,41,1,SE,15,1019.3
,2017-04-15,13.2,23.8,0,5.2,9.8,W,26,08:23,16.5,72,1,W,13,1021.0,22.0,55,4,ESE,17,1018.7
,2017-04-16,15.2,26.9,0,4.4,8.1,WSW,39,13:22,18.2,75,3,W,13,1020.0,26.2,30,5,WSW,9,1017.4
,2017-04-17,14.2,24.1,0,3.0,8.9,W,24,06:18,17.4,68,2,WNW,15,1024.4,22.3,55,2,ESE,13,1022.1
,2017-04-18,16.0,24.3,0,4.0,9.3,ESE,24,15:38,19.2,73,1,W,15,1027.0,23.0,55,1,E,17,1025.3
,2017-04-19,15.2,24.9,0,4.6,6.1,SE,30,12:34,17.7,72,3,W,17,1030.6,22.3,63,6,SE,15,1028.1
,2017-04-20,16.2,24.0,0.2,3.8,9.9,E,30,13:43,19.0,83,4,WNW,9,1030.3,23.0,48,2,ENE,20,1027.5
,2017-04-21,14.4,23.9,0,4.0,7.2,ENE,26,19:41,17.9,68,5,WNW,15,1028.4,22.4,58,6,E,17,1024.8
,2017-04-22,17.7,24.1,0,4.2,3.5,N,19,00:39,19.9,68,7,NNE,2,1025.9,22.5,60,5,ENE,15,1022.2
,2017-04-23,15.9,26.7,0,3.6,9.5,E,22,14:14,18.5,74,1,WNW,11,1024.1,23.6,58,2,ESE,17,1020.9
,2017-04-24,15.7,23.9,0,3.0,10.0,NNE,24,00:00,18.2,74,1,W,15,1022.7,22.7,61,3,E,17,1018.4
,2017-04-25,18.2,26.7,0,4.4,3.0,NW,39,14:47,20.6,69,7,E,4,1014.0,21.9,65,7,NW,22,1008.8
,2017-04-26,16.9,24.8,1.8,4.6,7.9,WSW,67,14:50,20.2,55,1,WNW,13,,18.1,43,7,WSW,41,1003.9
,2017-04-27,12.1,20.0,0.4,7.0,8.2,S,46,14:56,13.1,46,2,W,22,1015.8,18.5,45,4,S,24,1015.2
,2017-04-28,10.2,21.8,0,5.0,10.4,SW,44,00:17,13.5,51,1,W,22,1022.7,20.1,39,5,S,13,1020.3
,2017-04-29,10.8,22.7,0,3.6,10.5,W,31,08:39,14.0,60,1,W,24,1020.8,21.2,51,3,ESE,13,1018.2
,2017-04-30,14.0,22.6,0,3.0,7.8,SSE,28,11:51,17.2,66,7,WNW,15,1023.0,20.5,59,4,SE,13,1020.9
,2017-05-1,13.2,25.6,0,4.0,9.5,NNW,30,13:31,15.9,78,5,W,11,1019.5,24.2,40,5,N,19,1014.9
,2017-05-2,14.6,23.9,0,5.0,8.4,SSW,39,23:08,17.2,65,3,W,17,1017.5,23.2,33,6,SSW,15,1016.0
,2017-05-3,14.9,18.4,1.4,5.0,3.4,S,43,11:48,16.9,61,6,S,17,1027.0,16.3,67,8,SSE,15,1027.3
,2017-05-4,11.8,20.0,3.8,3.8,3.3,W,24,04:10,14.7,78,6,WNW,13,1031.6,19.5,45,7,ESE,13,1029.4
,2017-05-5,12.7,21.6,0.4,2.4,8.5,E,26,15:06,15.1,74,1,WNW,15,1031.2,20.5,54,1,ENE,20,1027.8
,2017-05-6,12.7,26.2,0,4.0,8.4,NNW,43,18:21,14.8,77,7,W,11,1025.9,25.2,39,6,N,13,1021.1
,2017-05-7,14.6,22.2,0.2,4.0,10.0,W,50,09:40,17.2,47,1,W,22,1023.6,21.1,25,1,ESE,13,1023.2
,2017-05-8,10.2,20.1,0,,9.9,SSW,33,12:27,12.2,49,2,W,22,1027.9,18.9,41,1,SE,20,1025.1
,2017-05-9,10.7,21.0,0,9.6,7.5,SSE,31,13:03,13.3,67,5,W,19,1026.9,19.8,45,1,S,13,1024.0
,2017-05-10,10.5,21.7,0,3.4,10.0,W,37,06:26,13.3,70,1,W,20,1025.1,20.3,52,1,SE,13,1021.9
,2017-05-11,10.9,22.1,0,2.0,8.5,W,30,08:48,13.4,73,1,W,24,1024.7,19.7,56,7,SSE,19,1022.9
,2017-05-12,12.5,19.6,0.4,2.6,1.7,WNW,26,03:47,14.1,78,7,W,19,1027.0,18.5,71,7,ESE,17,1024.5
,2017-05-13,14.0,21.3,3.2,0.6,7.3,ENE,28,14:07,15.8,86,1,WNW,11,1024.9,20.1,67,7,NE,17,1021.7
,2017-05-14,14.7,18.7,0,4.0,0.3,ESE,26,11:26,16.3,89,7,SW,7,1021.9,18.1,74,7,SE,9,1019.2
,2017-05-15,13.1,20.8,5.2,1.6,5.5,SSW,43,10:24,14.6,75,7,W,20,1017.1,20.2,49,1,SSW,20,1014.0
,2017-05-16,11.1,21.9,0,3.0,9.9,W,33,07:21,14.4,59,1,W,19,1017.9,20.3,39,1,SSE,11,1016.5
,2017-05-17,9.8,20.2,0,3.4,9.5,W,28,08:03,12.7,72,1,W,17,1023.4,19.6,52,2,E,17,1021.3
,2017-05-18,12.6,21.5,0,3.6,6.4,E,33,17:45,14.8,79,7,WNW,15,1027.0,20.2,62,4,E,22,1024.7
,2017-05-19,14.8,20.4,0,1.4,0.5,NNE,43,10:12,19.5,78,7,NE,11,1025.3,20.2,72,7,NNE,17,1020.9
,2017-05-20,16.7,23.2,14.6,1.0,5.4,NE,35,01:52,17.5,86,8,NW,11,1017.9,22.8,58,3,WNW,9,1015.4
,2017-05-21,13.8,23.5,0,4.0,9.2,W,30,08:23,15.7,69,2,W,22,1021.0,21.9,49,1,ESE,17,1019.3
,2017-05-22,13.0,21.0,0,1.0,6.9,W,22,05:28,14.7,84,2,W,17,1024.7,20.1,65,4,E,11,1021.9
,2017-05-23,14.7,22.6,0,2.4,8.8,ENE,24,13:05,16.6,82,1,WNW,11,1022.1,22.4,65,2,ENE,17,1017.2
,2017-05-24,14.8,22.7,0.8,3.4,9.0,WSW,54,04:25,16.7,77,5,NNW,7,1014.7,22.5,31,1,WSW,22,1012.7
,2017-05-25,11.6,21.4,0,5.6,9.6,WSW,33,03:20,14.0,60,1,W,22,1021.3,19.7,43,0,E,11,1018.9
,2017-05-26,10.6,20.8,0,1.8,9.8,W,30,07:11,14.0,58,2,W,19,1021.7,19.6,56,3,S,13,1019.7
,2017-05-27,12.6,20.6,0,2.8,7.0,W,24,01:42,14.2,77,3,W,19,1021.8,19.4,65,3,ENE,15,1017.6
,2017-05-28,11.9,23.7,0,2.4,8.4,NNW,48,10:46,13.3,83,1,W,13,1013.2,23.2,37,6,NW,24,1009.0
,2017-05-29,11.4,18.3,0,5.2,9.4,W,56,11:36,13.5,44,1,SW,15,1017.8,17.5,30,1,WSW,19,1018.6
,2017-05-30,7.1,17.1,0,3.4,9.7,WSW,39,16:24,9.7,60,1,W,17,1023.1,16.7,37,6,WNW,17,1020.1
,2017-05-31,9.7,16.3,0,3.4,7.8,SSW,52,15:09,13.4,58,6,SSW,20,1025.4,15.9,43,4,SSW,28,1026.0
,2017-06-1,8.0,18.3,0,4.8,9.7,WSW,43,05:26,10.3,54,1,W,28,1032.8,17.8,39,1,SSW,26,1031.2
,2017-06-2,8.5,18.1,0,3.2,4.8,SSW,41,16:06,10.7,61,1,W,24,1032.7,16.4,50,4,SSW,20,1030.8
,2017-06-3,10.7,17.4,0,3.4,2.1,S,41,15:00,13.4,64,4,W,20,1031.1,16.4,66,7,S,22,1028.8
,2017-06-4,10.5,19.7,1.4,0.6,6.8,W,28,07:05,12.2,77,1,W,20,1028.3,19.0,57,2,SSE,17,1024.5
,2017-06-5,9.4,19.6,0,2.8,9.4,W,28,09:17,11.5,78,3,W,20,1025.0,19.2,41,5,WSW,7,1021.5
,2017-06-6,9.1,17.9,0,2.2,7.2,WSW,59,20:59,11.2,58,2,W,19,1019.7,14.7,43,2,S,15,1017.7
,2017-06-7,8.8,15.5,54.6,2.6,0.0,SSW,56,02:42,13.3,82,8,SSW,24,1020.2,14.2,85,8,S,17,1019.6
,2017-06-8,12.4,18.1,61.0,1.8,1.3,SE,44,01:05,13.3,91,5,W,17,1024.2,16.9,84,6,S,15,1023.4
,2017-06-9,10.4,18.9,3.4,1.6,4.8,ESE,52,17:43,12.5,90,6,W,19,1027.6,18.2,64,7,SSE,28,1026.7
,2017-06-10,12.5,18.1,38.8,3.6,0.2,SSE,50,07:02,15.8,85,7,SE,17,1031.9,17.5,70,7,SSE,15,1030.2
,2017-06-11,12.5,17.2,2.8,1.6,0.2,WNW,20,04:17,13.1,90,5,W,15,1029.2,16.0,85,6,W,6,1025.9
,2017-06-12,11.3,20.4,1.2,0.8,7.5,SSE,26,13:48,11.6,92,2,WNW,15,1025.0,19.1,59,3,SSE,15,1024.0
,2017-06-13,9.5,18.7,0,2.2,9.1,SSE,37,13:53,11.2,82,2,W,20,1030.0,18.2,62,3,SSE,22,1029.1
,2017-06-14,11.1,17.8,2.6,1.8,2.9,WNW,24,01:00,13.3,82,3,WNW,13,1031.3,17.4,78,7,ENE,9,1028.4
,2017-06-15,10.7,20.1,0.6,1.2,6.4,W,22,07:47,11.9,89,2,W,13,1027.9,18.7,69,6,ENE,15,1024.4
,2017-06-16,11.9,17.3,0,1.6,0.2,WNW,26,08:28,13.3,79,7,W,19,1026.2,17.2,69,7,WSW,7,1023.5
,2017-06-17,13.2,19.1,0,1.0,0.2,SSW,26,16:10,14.6,81,7,WNW,9,1024.3,17.4,67,7,SSW,13,1021.8
,2017-06-18,11.3,18.0,1.8,2.0,6.3,S,52,12:24,12.9,83,3,SW,13,1025.7,17.6,62,5,SSW,28,1025.8
,2017-06-19,11.2,18.3,0.4,2.2,1.9,SSW,37,12:04,12.7,79,6,W,17,1030.4,17.2,69,7,S,19,1028.4
,2017-06-20,11.3,20.0,4.4,2.2,5.8,W,26,03:45,11.9,88,6,W,19,1028.7,19.7,60,1,SSW,9,1025.2
,2017-06-21,8.6,19.6,0,2.0,7.8,SSE,37,15:11,10.5,73,2,W,22,1025.9,17.9,52,2,SSE,20,1025.3
,2017-06-22,9.3,19.2,0,2.0,9.2,W,30,05:59,11.0,78,2,W,20,1028.5,18.7,53,2,ESE,7,1024.6
,2017-06-23,9.4,17.7,0,2.4,2.7,W,24,07:22,10.2,85,6,WNW,15,1020.8,17.3,56,6,N,13,1015.0
,2017-06-24,10.1,19.3,0,1.4,9.3,W,43,04:07,12.4,56,5,W,17,1017.3,19.0,35,2,W,19,1015.1
,2017-06-25,7.6,19.3,0,3.4,9.4,W,35,12:12,9.4,73,1,W,13,1018.6,18.8,32,1,W,13,1015.4
,2017-06-26,8.3,18.8,0,2.2,9.5,W,30,10:55,10.5,67,1,W,20,1022.1,18.4,35,2,WNW,9,1021.6
,2017-06-27,7.8,14.8,0,3.8,4.8,W,28,08:18,9.4,72,5,W,22,1027.0,14.6,64,7,WNW,7,1024.2
,2017-06-28,9.3,14.3,0,1.2,0.1,W,28,11:13,12.6,78,7,W,9,1022.7,12.9,84,7,WNW,9,1021.3
,2017-06-29,9.8,16.9,1.6,1.6,5.9,W,33,09:05,10.4,72,7,W,20,1022.1,16.3,56,1,WNW,9,1018.4
,2017-06-30,9.2,16.5,0,2.4,9.6,SW,41,13:37,11.1,55,1,WSW,17,1024.6,15.4,28,1,SSW,19,1024.5
,2017-07-1,5.8,16.4,0,3.8,9.4,W,39,04:19,8.0,55,2,W,28,1030.6,15.3,47,2,S,20,1028.4
,2017-07-2,5.4,17.6,0,2.0,9.5,W,28,00:50,7.6,78,1,W,19,1028.3,16.1,44,1,ESE,4,1023.8
,2017-07-3,5.6,15.8,0,2.6,2.7,N,31,19:23,7.9,81,5,W,19,1021.5,15.4,57,6,NE,6,1015.1
,2017-07-4,7.9,21.8,0.2,0.6,9.3,,,,13.2,76,1,WNW,11,1013.4,21.5,23,3,WNW,20,1010.1
,2017-07-5,12.2,20.8,0,5.4,9.2,W,52,18:45,14.4,51,1,W,6,1014.8,18.7,36,2,NW,15,1010.1
,2017-07-6,9.1,18.2,0,4.8,9.7,WSW,37,10:36,11.5,62,1,WNW,15,1017.5,17.4,36,1,WNW,11,1015.1
,2017-07-7,6.6,19.1,0,3.6,9.4,WNW,35,15:03,8.8,73,1,W,13,1013.6,18.6,24,3,WNW,13,1009.6
,2017-07-8,7.0,,0,3.2,,,,,9.0,66,1,W,17,1016.8,17.0,36,7,WNW,17,1014.8
